334 500 169 724 478 358 962 464 
145 281 827 961 491 995 
827 436 391 
902 153 292 382 421 
718 895 447 726 771 538 869 912 667 299 35 894 703 811 322 333 673 
141 711 253 868 547 
662 757 37 859 723 
529 778 
35 190 842 288 106 40 942 264 648 446 805 890 729 370 350 6 101 
548 629 623 84 954 756 840 966 376 931 308 944 439 626 
537 538 118 82 
541 833 115 639 658 704 930 977 306 673 
21 745 924 72 270 829 777 
97 512 986 290 161 636 355 767 655 574 31 52 350 150 
724 966 
107 191 7 337 457 287 753 383 945 909 209 
221 588 422 946 506 30 413 168 900 591 762 655 410 359 624 537 548 483 595 
602 350 
836 374 20 596 21 348 199 668 484 281 734 53 
418 938 900 788 127 467 728 893 648 483 807 421 310 617 813 514 309 616 935 451 
249 
556 798 303 224 8 844 609 989 702 195 485 93 343 523 587 314 503 448 200 458 
580 796 798 281 589 798 9 157 472 622 538 292 38 179 190 657 958 191 815 
156 511 202 634 272 55 328 646 362 
875 433 869 142 844 416 881 
322 651 21 699 557 476 892 389 75 712 600 510 3 869 861 688 401 789 255 
2 585 182 285 
426 617 757 832 932 169 154 721 189 
329 368 692 425 555 434 549 441 512 145 60 718 753 139 423 279 996 
529 549 437 866 949 193 195 297 
286 105 488 282 455 734 114 701 316 671 786 263 313 355 185 53 912 
832 945 313 756 321 558 646 982 481 
196 222 129 161 535 
173 466 44 659 292 439 253 24 154 510 745 
186 313 474 22 168 18 787 905 958 391 
625 477 414 
824 334 874 372 159 833 70 487 297 518 177 773 270 763 668 
985 102 480 213 627 802 99 527 625 543 924 23 972 
181 3 
505 593 725 31 492 142 222 286 64 900 187 360 413 
270 170 235 833 711 760 896 667 285 550 140 694 695 624 19 
576 694 658 302 371 466 
593 851 484 18 464 119 152 800 87 60 926 10 757 170 315 576 227 43 758 
109 882 86 565 487 
474 625 627 629 928 423 520 902 962 123 596 737 261 195 525 264 260 202 
30 326 11 771 411 547 153 520 790 924 188 763 940 851 662 829 900 
958 578 365 7 477 200 58 439 303 760 357 324 477 108 
887 801 850 460 428 993 384 405 540 111 704 835 356 72 
823 485 556 216 626 357 526 357 337 271 869 
896 22 
112 717 696 585 41 423 129 229 565 559 932 296 855 53 962 584 734 654 
457 369 532 963 607 483 911 635 67 848 675 938 223 
754 511 741 
459 825 221 870 626 934 205 783 850 398 279 701 193 734 637 534 
993 176 705 962 548 881 300 413 641 855 855 142 462 611 877 424 678 
443 296 673 40 313 875 72 818 610 17 932 112 695 
831 40 488 685 90 497 589 990 145 353 
651 740 44 258 335 759 192 605 264 181 503 829 775 608 292 
549 556 561 627 467 541 129 240 813 174 601 77 215 683 213 992 824 601 
759 670 428 27 84 75 786 498 970 287 847 604 503 
663 706 
10 171 489 240 
542 619 913 591 704 
232 750 205 975 539 303 422 98 247 584 648 971 864 913 75 545 712 546 678 
262 519 985 289 944 865 540 245 508 318 
601 323 132 472 152 87 570 763 901 103 423 
600 969 15 565 28 543 347 88 
637 409 463 49 
588 342 
60 221 758 954 888 146 690 949 843 
620 748 67 536 783 35 226 185 38 853 629 
748 923 359 257 766 
955 318 726 411 25 
1 549 496 584 515 964 342 75 913 142 196 948 72 426 606 173 
404 705 626 812 375 93 565 36 736 141 
994 256 652 936 838 482 355 15 131 230 841 625 11 637 186 
650 662 634 893 353 416 452 8 262 233 454 
634 303 256 148 
317 213 109 28 200 
318 
50 155 361 264 903 676 643 909 902 561 489 948 282 653 674 220 402 923 831 
878 259 8 619 971 3 945 781 504 392 
