499
-198 234 85 -296 -109 -71 485 -202 -97 335 65 240
498
-261 220 19 304 197 -394 -491 109 -257 -461 246 126 36 53 -40 271 -288 409 429 -82 -374 195 53 393 87 228
497
496
495
-397 451 291
494
493
492
204 -369 -425 -327 -83 -397
491
490
489
237 -450 80 -336 302 -253 -317 -321 -214 -84 312 -56 177 -121 -102 -317 128 380 -407 -163 260 12 137 446 -320 485 258 -337 -287 -130 -400 -156 -265 224 -260 22 -379 139 -493 97 -16 -351 13 -333 360 -306 26 76 -350 -292 -281 -315 234 213 421 284 345 186 9 -135
488
487
192 -340 -495 -282 -310 181 180 454 -177 -481 -257 -262 41 19 214 69 -45 445 397 250 178 476 393 -343 -238 -470 -491 -491 -134 123 -2 -88 249 -100 -148 -425 105 349 -490
486
393 -125 -76 -361 -212 214 435 -42 89 -425 238 -374 -443 213 -476 161 -343 118 261 476 42 -169 -51 367 91 359 -105 422 -68 -361 -228 11 -318 138 -440 -264
485
-97 -163 119 412 316 495 -331 -191
484
483
482
481
480
-248 372 -148 -98 -8 194 -121 421 87 -284 128 415 184 53 -289 -236 -320 29 -145 -64 350 206 146 -124 319 462 -124 -80 58 219 -66 404 -235 -368 39 18 366 -309 12 -295 132 255 168 -422 219 469 -244 -42 -90 -346 -155 -58 428 -452 -369 -147 -234
479
166 101 -480 -216 14 346 -309 205 -488 -114 -114 348 -419 -206 433 233 275 -363 -9 352 -114 -325 -490 380 -387 -399 -478 203 -147 196 474 -117 205 85 -450 218 103 194 -209 299 -182 -101 66 -365 -402 -432 77 32 168 105 263 -73 -28 254 274 -494 5 -221 -422 224 -308
478
-129 383 269 106 -189 63 287 261 285 378 462 -358 -100 372 266 57 -455 -476 -46 319 -409 91 454 -371 299 -414 88 46 249 204 -435 58 -135 -496 306
477
476
475
86 229 -211 -401 274 -184 -333 -315 -41 -312 433 300 -202 134 -346 -151 -471 55 267 -191 289 -247 20 47 101 372 -320 180 127 -320 -200
474
473
18 -481 408 268 -450 301 189 285 -222 388 -223 -174 198 263 65 330 -11 -466 -118 -98 -269 215 449 426 -277 -349 39 -364 -459 34 -39 -11
472
-75 498 -1 325
471
-12 -205 -324 204 -386 345 335 225 191 -467 323 -47 -354 403 -136 211 472 -333 -451 -348 84 -494 -62 9 442 -55 251 360 167 -206 -249 3 228 216 473 -74 218 -55 490 499 -361 19 160 -385 396 420 -335 -84 205 -292 359 259 451 489 319 382 -255 281
470
-381 -271 -190 -279 -35 254 488 157 -391 -260 488 -353 -473 -337 178 422 324 -167 -76 186 135 14 278 495 483 -248 244 16 37 -118 246 -470 393 -103 -467 331 -457 -424 -74 325 275 152 -182 235 -237 241 1 305 -107 193 137 -197 -453 422 -469 -387 499
469
468
467
167 -166 115 -147 -246 298 -32 267 -310 -296 299 285 409 90 -145 -411 244 -408 -388 -165 445 480 -467 -495 95 297 -333 -428 -192 -467 -483 93 145 311 -71 144 132 -360 -281 161 55 -164 116 497 136 -112 -255 414 6 -360 361 -286 -151 -440 275 -211 402 443 -5 -496 4 -187 -194 352 263 287 248 11 231 -418 -196 220 361 128 353 50 -309 261 -399 105 -330 417 -166 -282 -207 352 497 331 223 306 -45 -437 168 291 -403 121 -424
466
465
-379 -211 116 288 137 414 396 -154 104 -438 396 275 -241 -165 -18 -119 -193 41 286 119 409 344 273 -16 -166 -415 -251 -253 416 153 489 37 432 -495 -177 490 477 -469 228 352 221 -59 482 368 -165 -397 63 125 -248 467 382 -203 -192 283 -140 -338 481 18 -440 -345 -29 -17 -277 -417 464 367
464
463
462
461
460
-334 498 464 -292 -44 -317 -356 489 -64 234 -154 -306 -251 -426 208 -334 -148 -413 -446 342 -213 103 164 320 449 -498 57 -6 245 -265 388 -114 -105 -127 45 123 378 481 -67 103 473
459
211 20 -68 269 -244 -400 -488 170 -466 -9 -54 -188 -309 256 443 267 -161 -43 210 127 -448 414 127 197 -470 5 -15 -309 -44 -306 207 -25 -413 235 -57 31 220 184 87 -376 -155 49 -341 -331
458
457
456
-176 466 387 432 -275 123 205 -218 115 257 147 -1 109 53 -265 205 65 264 108 406 427 224 -13 -155 159 -75 -143 439 338 478 249 350 469 382 340 186 -104 -65 -100 -421 196 388 114 292 -339 216 417 307 -417 -434 249 -296
455
415 260 -273 -187 357 -320 -403 -189 384 -8 66 441 183 366 -384 448 -150 -276 -451 221 295 -500 422 -244 -394 -454 -140 11 200 92 283 -105 -363 -410 173 -173 -391 252 148 -288 170 335 171 40 -238 -166 329 426 -132 -449 78 465 -257 142 220 441 -280 -149 -18 -331 101 432 -204 -110 -336 -256 481 -375
454
453
452
-280 52 280 31 -35 -99 82 -438 -279 149 313 -266 414 -301 307 346 206 454 93 254 404 388 -174 57 -187 -3 -343 -262 235 459 329 -202 36 446 -376 354 436 -237 417 -375 193 464 276 387 138 -161 374 -374 -209 25 200 -398 -393 -42 -301 94 -173 -431 -239 198 444 243 -414 -499 -414 62 172
451
450
449
441 331 270 29 200 350 -194 -499 -273 -470 -47 -314 98 451 58 458 252 -397 -112 445 143 -382 -162 -481 -173 76 -336 -477 238 -491 18 454 -136 286 244 146 276 198 -499 233 127 -134 -170 -164 -476 -117 187 -154 219 226 202 368 27 -291 376 -365 -152 395 277 -452 -132 299 32 -376 488 -317 -229 344 -161 497 324 -407 120 -323 -455 -442 -351 -465 174 -119 430 -428 -400 -251 405 -44 -331 39 428 148 -270 289 402 -12
448
447
446
-42 -140 397 -453 385 448 -207 -304 48 166 281 165 98 265 -111 477 -361 410 432 -349 -38 -390 -164 196 -214 54 421 52 189 -322 129 -2
445
-493 395 323 398 -174
444
261 305 291 -463 189 -288 -358 210 242 498 81 -47 436 -446 99 -167 -82 -222 490 415 -314 263 -388 311 -31 77 -5 271 437 -469 -257 59 346 -111 -170 -455 -108 -485 99 155 -409 -285 35 -360 59 -254 -208 -185 482 -17 325 -211 -105 -194 -250 -385 111 214 -483 326 -142 -123 -455 -467 480 64 -97 -205 -15 -20 -225 176 81 64 175 34 245 123 -46 81 404 90 -485 488 -461 -369 -212 308 -259 94 343 -187 -80 457 -490 66 -177 393
443
434 -107 370 -239 316 344 286 240 404 -475 -434 94 -418 341 -411 279 -27 -125 -103 2 -462 -313 -77 -310 -48 -43 -185 -176 447 -168 279 -419 217 -108 -314 -143 302 -28 -62 -349 -288 484 12 -367 -103 -380 -291 -451 137 -372 490 358 438 -488 -331 442 336 161 -114 -163 112 446 304 39 -261 -495 60 -104 152
442
441
440
405 -462 -483 411 7 -19 323 -129 -280 135 -320 190 382 296 -133 -390 -275 -283 288 -140 -132 -469 -241 285 80 -60 -342 -377 78 -393 -186 -480 -336 44 265 -386 177 -320 206 444 -22 458
439
438
-268 -229 -166 217 91 -80 -252 -441 -99 230 -174 356 52 120 290 -299 421 323 221 -351 -76 296 432 417 -168 214 -406 -224 190 231 376 498 -463 133 34 -186 124 -105 -319 -2 -411 -294 -299 -30 420 -186 179 158 226 61 322 414 -240 489 76 246 -368 -117 -128 -188 -131 161
437
-55 305 -489 -489 -412 -315 92 239 323 449 463 -136 493 362 234 369 314 370 102 -342 63 -114 283 452 -401 -415 -22 -195 -418 -445 41 445 -204 -111 -76 270 202 -468 -58 -335 460 387 132
436
-223 92 -62 33 94 472 294 -103 -183 57
435
173 -231 -435 137 -347 -116 462 173 412 -97 467 -394 30 -215 167 -431 -485 -109 155 -147 -348 78 -484 -340 497 -81 327 -55 135 -400 -7 -8 -34 -311 -67 378 212 -442 -91 404 14 466 -200 -367 162 248 -224 -262 -306 1 -60 -486 334 -289 418 110 -30 85 -219 76 -254 -352 279 -330 96 80 274 194 -333
434
433
432
431
430
220 71 43 -489 -297 282 -283 -239 -259 -495 -95 52 318 -278 -348 -397 499 65 499 377 216 -104 318 249 -322 -443 176 193 267 -107 3 -102 -255 154 -259 -308 -467 223 365 88 -312 352 38 -225 -202 -347 -348 289 -388 40 159 -430 -144 175 -163 -187 -385 328 464 23 335 -229 82 -110 -182 72 -417 463 -257 -388 -108 -77 444 117 -174 -308 -291 297 354 33 -32 -23 -167 388 230 324 -264 76 -326 -375 486 345 460
429
-164 266 12 232 29 280 -419 96 380 2 452 -318 494 197 -72 -184 376 -244 414 -154 -301 481 -482 -187 -29 -469 -88 483 -228 -84 100 318 -38 -481 -99 188 163 216 175 -58 273 50 -381 386 72 160 -92 352 225 -467 160 55 -135 -458 240 -9 277 275 434 305 453 283 -214 -163 -104 89 122 286 469 -455 -221 -489 -135 118 498 37 389 -176 -304 287 -66 -337 215 226 168 -418 -212 5 -259 219 -387 -124 352
428
110 129 -165 -199 -420 351 -261 -14 -178 -192 -333 432 -425 -324 246 -449 -343 -492 -225 157 420 -338 -5 91 -59 372 -218 431 -317 469 31 466 437 497 298 -436 -476 228 -73 -242 -165 -337 167 -308 -228 -418 47 -73 376 295 205 -251 -334 -459 -346 -42 -105 18 -338 56 322 202 -141 295 221 236 287 331 254 -273 275 -270 214 443 -57 -140
427
-493 -376 -90 147 -213 311 462 485 495 34 -157 -500 -438 -105 278 -235 44 110 304 -360 -130 280 156 298 -38 384 -451 100 -164 190 357 212 234 -443 206 -238 -484 66 275 -178 258
426
255 -187 453 413 -135 175 280 70 -305 454 -440 340 -470 -70 31 -71 182 -468 -314 478 -389 -39 119 263 -355 204 120 -382 333 7 71 321 191 169 -388 -310 9 -84 -408 -228 -467
425
424
-440 114 -155 -325 3 -35 144 388 -480 391 4 -205 56 22 -185 -217 401 -36 205 -172 363 29 -377 330 -167 410 392 25 -297 488 -218 131 394 402 -17 -326 152 265 -345 -117 -7 -376 -63 -105
423
422
421
420
419
43 207 -60 24 -170 326 315 -438 -304 427 -31 -114 389 9 -137 209 -277 45 -377 -451 -153 52 -435 -464 440 -409 -77 -356 383 -319 -428 233 -387 5 -370 75 -123 163 141 -173 267 363 -393 -272 151 -46 -172 -492 223 -474 -85 224 320 -332 -87 424 264 405 -166 97 116 137 75 -8 347 233 -37
418
-259 476 -145 91 78 -89 -40 266 111 181 -468 -144 -455 364 89 376 -69 -191 -135 36 -163 315 47 -384 -94 186 354 387 240 -143 256 25 69 65 378 276 -378 192 108 292 90 -142 99 -69 -346 -309 57 96 7 -118 191 402 -476 474 239 -475 103 107 316 -352 -245 -100 50 -126 -351 484 463 148 118 -398
417
-418 464 97 -465 411 395 211 371 -324 -274 287 118 159 345 219 -436 -286 -141 -350 -40 460 295 96 -394 -457 -333 -97 280
416
415
414
413
308 -34 -62 362 46 -436 -277 -264 314 -362 140 -295 -315 -257 85 451 -386 183 261 9 332 299 56 -228 -51 113 329 -193 -330 383 382 236 86 108 -494 427 -45 -57 -92 -392 473 -230 -92 -233 -447 445 4 75 94 54 -325 -352 -426 46 -267 231
412
411
410
-328 106 9 419 232 209 272 -269 -68 -438 -38 -140 310 -386 -345 -139 379 -172 -447 436 286 -275 -58 -392 361 4 331 294 -277 382 147 428 390 178 267 -16 389 -318 44 221 333 -271 -238 -317 261 -181 414 267 426 195 -221 -325 217 202 -409 483 291 -81 415 -124 -223 285 -82 119 -123 290 174 347 317 -136 478 -222 -468 -100 -317 34
409
-393 267 -295 -294 48 -156 270 -387 122 407 -351 458 -169 87 228 -34 137 382 -130 324 407 262 392 -223 83 26 435 -295 -115 257 -451 -281 71 239 -26 288 92 458 -89 -201 -37 -360 443 366 202 73 -74 184 -11 451 -111 439 -249 -241 -40 476 407 451 -119 362 151 414 -170 -323 -115 67 -90 -349 -326 108 229 360 102 124 387 173 -306 107
408
-269 -351 138 357 -164 239 -83 12 144 75 215 -346 381 -315 -143 -455 276 295 50 -499 111 -358 365 -392 444 23 157 -6 389 -479 -37 126 197 -202 2 -239 -59 -392 374 131 151 154 107 316 -375 -84 -81 262 291 -228 453 138 -468 -43 212 -300 -84 444 -417 91 -185 -201 -74 -139 76 202 -28 284 460 -170 249 5 274 -320 -70 28 261 481 312 373 -299 45 -50 -303 -470 338 183 152
407
406
405
57 493 -300 -413 -72 -62 -476 -44 150 165 -160 406 217 118 151 -295 190 165 -86 221 253 -392 75 -36 221 -464 -405 -6 286 -447 -302 -203 80 29
404
403
319 126 57 21 -106 -150 -470 -57
402
58 -223 -5 -100 172 -357 -160 -105 278 119 26 -294 -86 43 -470 -328 -303 161 -445 320 -369 54 -354 -251 109 -145 422 -92 117 355 -208 -96 189 -120 -302 321 6 -169 323
401
194 -401 492 -64 -407 -246 -4 215 48 -39 -316 48 379 -410 -132 279 -251 -309 -167 -425 408 449 -259 89
400
399
398
-324 -392 137 277 -344 465 -172 -18 342 -242 248 139 53 212 70 -87 344 -334 -374 -265 -352 -3 397 270 -169 116 127 -87 26 79 141 -174 -157 325 28 -64 -259 187 -73 -57 -107 48 460 -90 -351 409 -320 -68 161 426 484 -142 262 -382 -397 447 318 -298 -6 95 479 417 369 74 -427 -92 246 270 -432 409 -299 -102 -10 81 190 256 -92 -189 294 -458 265 269 55 -129 299 449 -147 -108
397
-470 -445 432 -384 -370 -57 -173 204 350 -169 -21 -366 194 395 378 155 -456 -359 -378 6 -492 -145 86 -307 107 -55 444 361 -249 -147 458 340 368 132 -252 361 -207 399 -241 80 159 -415 319 125 -202 -243 202 376 -490 273 134 360 254 200 463 -116 152 -81 -27 37 113 -55 210 -495 320 -461 -302 -19 -394 282 203 -343 -194 465 331 402 -434 -457
396
395
394
67 -254 -6 -128 282 -389 165 -416 -40 139 36 425 -356 72
393
-186 338 144 -475 -380 463 -397 -380 -458 -22 325 -15 157 154 485 358 -392 230 -397 63 259 473 422 228 -247 498 100 447 456 -431 -25 -406 71 49 -394 -337 53 256 3 398 -430 -344 496 277 -102 369 230 -392 72 145 -51 -15 108 -157 -105 -499 -53 169 -464 124 -56 -29 179 256 -257 -69 436 -168 252 -192 -275 -314 -296 -304 434 -7 -158 -50 85 -365 -242 331 75 244 399 -2 309
392
391
390
389
388
-25 327 5 118 439 -483 -486 85 39 133 -161 327 -156 -496 -446 -53 358 94 -182 -330 131 416 -226 -264 292 -148 409 127 -196 -5 -334 168 -124 288 -178 -43 -393 -35 -214 -338 -239 339 -95 -300 -384 344 126 99 -183 125 103 248 316 -9 -38 210 -55 -473 323 -365 133 432 340 73 66 149 203 233 257 273 78 -247 -240 -126 -149 -481 230 -226 -29 362 487 201 -90
387
325 51 -38 -156 404 5 -125 -210 122 230 264 380 -251 -466 369 306 -204 -256 -289 -301 416 -192 80 269 -483 -202 -310 -90 -87 -4 -151 32 77 352 -273 -189 -191 -99
386
-260 -301 182 85 -165 27 152 179 467 -306 193 -466 191 230 -338 320 436 298 -6 166 254 -4 311 -284 445
385
194 89 255 -59 -169 142 1 464 -51 -430 -38 124 489 -150 307 -121 -258 -144 -84 -375 390 -438 428 -433 148 -435 160 -474 -420 -414 -55 387 -215 -205 -58 -51
384
-372 412 493 -51 -68 -75 378 -189 -78
383
382
381
-246 -189 -448 223 -472 -482 476 29 52 -5 459 119 381 85 459 -372 -26 -289 -351 118 -112 338 -101 33 -10 -354 335 160 342
380
379
378
377
376 378 -88 -31 -426 -217 -87 193 6 -446 449 156 313 -327 -248 -161 -80 -260 96 -30 -391 457 95 -188 290 175 41 327 -266 -43 323 -477 -396
376
-477 -27 474 362 91 -298 95 214 -50 -296 439 -450 -125 476 -140 68 238 6 -221 -70 -356 148 63 313 -400
375
-60 -15 311 -262 333 177 366 -267 390 360 18 -485 272 -286 403 -363 151 118 -363 214 -429 105 267 -16 -357 452 196 -278 -185 79 341 -405 -479 -426 -416 275 358 421 350 124 222 57 -359 461 -409 307 496 126 -14 -276 63 -127 -222 224 29 -258
374
373
372
371
236 -133 -213 187 -152 108 -341 55 -308 -482 -318 411 180 56 -395 226 466 137 207 -14 -200 -309 -367 -387 -204 -383 -189 80
370
-494 341 221 37 360 216 103 -94 -73 83 55 -148 184 -105 231 367 -378 -200 346 177 -333 -291 391 -158 464 480 475 -443 281 -36 314 452 -143 451 399 180
369
-212 -102 -92 199 324 -209 -5 -113 -270 -98 1 344 45 467 -408 -132 93 414 256 338 -250 268 26 0 433 438 496 245 429 367 -303 26 -318 282 -107 -141 410 -244 -206 -329 -265 -358 -207 273 -373 -78 -278 -21 0 -60 -372 58 -354 308 421 405 -279 -134 54 251 -283 -351 -91 429
368
367
372 134 -278 383 -130 -187 167 -104 447 370 -18 10 -102 -309 323 -95 62 265 418 337 -203 141 -442 -438 496 363 -45 -104 86 76 -345 -38 -291 -417 332 209 -269 -144 -497 492 -78 254 116 -414 -150 -14 -206 -335 -393 353 105 -173 -419 -1 -446 153 30 -124 58 -458 -299 324 450 104 111 444 -436 -45
366
365
453 -248 463 226 144 345 -326 26 61 -38 -142 328 -36 246 -196 -66 40 136 -451 -242 -121 -200 -130 -256 148 -385 -60 -69 456 -429 -297 461 -101 -80 264 416 -288 471 -22 -457 206 377 -359 -296 -450 -327 -338 -457 -225 486 -140 -256 493 -419 -103 -337 -34 24 196 -251 275 -445 409 -197 469 -225 462 -322 242 369 -286 294 -495 378 -155 -35 -363
364
363
362
210 245 203 -242 -31 -464 125 -392 -49 319 -438 -416 -335 297 27 -35 -54 490 97 -215 -183 435 463 357 226 -330 -143 -319 -186 -411 -269 479 464 -383 -295 232 24 233 454 382 79 -229 497 156 446 375 -15 44 -413 149 215 303 -399 14 -425 -278 -237 238 145 201 142 211 -380 270 40 309 -451 -299 -420 -153 318 -483 440 -339 -358 293 -11 456 -327 -443 -308 41 -212 127 -498 356 211 169 -447 -253 176 -194 138
361
360
113 201 -402 -432 113 239 282 90 -163 -453 489 -466 -45 182 16 -298 -488 408 148 -274 -16 -195 326 -135 -390 -356 275 -186 -304
359
358
357
-56 360 206 -66 61 -215 422 -443 -313 -336 -272 -365 165 -177 418 -298 -496 390 460 383 -249 -141 325 96 431 488 385 484 9 38 -483 220 441 51 -447 -259 237 -263 325 -200 152 -440 -442 -49 272 -263 -162 401 -413 -293 7 236 225 248 -412 291 62 307 11 -37 167 308
356
355
354
353
-254 173 -181 -123 280 397 377 227 291 222 140 360 391 -248 378 16 127 -195 263 204 -277 96 -439 429 -207 -448 -437 363 -76 209 -344 -286 352 -299 403 -163 155 -385 158 341 296 443 -461 332 155 -310 235 -290 462 -260 425 -455 -162 -14 95 337 14 -350 425 288 399 -334 276 -33 54 -112 -208 43 -458 -38 325 246 227 -299 98 492 165 -178 66 60 370 -373 -212 -143 72 -496 280 -119 174 -128 -309 428 383 55 439 -70 -385 -241
352
351
350
349
-64 -300 -284 -38 444 204 -151 -327 287 -112 -411 297 -312 58 459 27 -154 376 412 217 381 258 -424 494 -279 327 -2 -283 -33 -334 281 366 -273 433 484 453 -32 -297 262 332 366 -280 -425 -267 102 -70 350 -452 307
348
347
346
48 77 478 -159 -253 416 120 381 -440 127 137 -434 249 -358 317 341 -119 -417 -157 375 134 0 28 411 -98 149 -333 135 423 -337 -163 21 -281 443 7 -186 -114 -225 -375 159 -36 -387 278 465 -339 146 106 -250 -34 -132 -471 -139 426 -317
345
344
343
-442 -239 -125 -108 -482 489 -162 -302 128 -156 -471 258 160 -454 -43 491 -41 196 -79 305 -110 409 34 -485 252 274 -15 -454 227 492 -426 256 417 394 -188 -331 -364 470 142 -286 445 345 162 -483
342
341
462 461 174 -100 -284 -376 -395 -100 -352 -103 -95 329 -365 331 -184 -171 -254 -401 -124 284 498 -201 -224 -262 -189 -142 -460 -27 425 -322 385 -323 231 -210 -231 35 -431 -215 401 -291 -59 -19 -174 51 -78 213 223 357 330 62 232 -468 208 -10 472 -372 64 208 -454 -87 125 -486 -237 -275 56 -142 -206
340
-366 73 -455 422 123 65 -268 142 181 -389 -168 -138 412 -140 -370 -102 -52 391 -395 -289 292 154 269 -386 283 85 -325 -390 115 42 296 -107 16 369 21 -172 418 260 275 316 354 197 139 -32 -292 224 232 -483 -250 -446 -352 -42 -74 194 72 -163 -30 -436 -14 -426 462 328 110 148 355 328 -365 241 330 129
339
338
337
336
335
334
-396 441 323 194 -422 212 -298 -301 74 -317 -8 122 492
333
-190 461 -92 -472 420 216 -121 180 365 218 167 474 76 122
332
331
160 -298 114 -202 166 39 -153 381 -11 -101 -3 319 -39 -4 28 131 37 -121 380 182 -29 -284 134 -438 143 -339 -260 493 324 310 51 -269 -131 156 413 -78 -320 -436 -180 485 -51 -101 -6 5 109 -437 -321 -496 -128 -244 -28 -90 442 -436 335 444 108 -255 255 -181 -70 234
330
329
247 -326 -139 -350 -33 -348 -185 174 94 -152
328
327
326
325
-149 486 39 -6 481 388 -73 -441 -297 8 -427 482 231 68 444 -233 -292 61 -26 99 487 206 -488 -468 494 232 238 -201 -181 -400 -137 284 279 -102 186 263 87 296 -191 -217 -134 -278 -286 214 440 357 436 -298 -92 61 -407 -450 455 96 -391 145 -239 -149 -317 -63
324
53 -261 0 109 -38 312 266 -165 -487 406 -319 87 -424 394 -160 -80 -293 86 198 -122 -455 -448 -185 310 191 -324 203 272 -180 -170 -413 -75 51 238 325 -346 -463 -254 43 -78 228 -56 411 -165 424 -300 -237 347 488 -326 56 127 190 -97 95 197 -214 -206 481 -178 -448 -443 -233 -202 -456 -157 422 261 56 -453 271 -422 434 -136 -409 51 -468 411 69 -4 -103 -381 17 490 482 350 -84 222 -115 392 -185
323
15 -208 120 -151 239 353 479 -415 -422 -154 365 -247 195 -66 -385 100 -318 47 -102 383 -162 -122 86 -254 117 207 -111
322
322 -395 -297 123 -371 -269 -304 -318 291 36 263 -340 -407 185 -376 -207 -493 -459 105 19 -75 130 -48 426 -394 411 172 -345 291 -276 423 492
321
400 -295 -82 -358 203 167 -107 -77 243 -316 389 140 -58 -158 -324 457 -198 -233 -193 214 354 66 65 412 -323 -433 -41 298 -18 -34 -344 -187 415 178 -223 326 -65 99 -58 411 -99 -103 48 -74 201 -179 23 50 154 50 -214 103 205 -253 121 6 -323 -409 65 216 432 -283 -450 63 141 -269 37 -430 183 190 467 -132 -333 -334 -114 -39 -246
320
-11 -349 -86 192 216 -250 14 460 362 -409 491 -170 -474 167 109 291 -210 268 -187 -114 -360 350 392 -296 325 334 -138 188
319
306 -95 -358 264 -43 -96 -102 -12 276 194 487 419 -222 -297 -240 49 -478 19 111 70 356 162 147 15 -123 289 -160 -207 -400 268 175 -311 -301 190 -73 34 -22 -362 8 -160 -32 -26 -329 175 232
318
299 -293 -89 -355 382 -499 58 -328 495 162 -147 43 191 -311 52 -161 -296 -235 -342 270 168 126 192 -65 286 428 138 -497 296 -255 96 159 141 297 58 -491 -276 -232 -204 -261 -126 -489 414 216 36 -389 456 484 470 41 363 -220 -493 53 217 -467 191 -436 -477 473 -295 -468 -254 117 350 -29 -475 463 -234 367 -80 313 -43
317
316
315
314
-71 319 322 94 -165 96 -106 -139 244 -262 -186 -26 490 -441 -425 -433 462 179 80 402 -226 -235 116 -223 343 492 347 -123 -248 296 440 -50 -293 -19 -393 194 -260 -346 441 6 -104 -109 445 455 -283 215 330 426 110 330 458 -386 411 -205 54 -48 -417 190 -496 149 187 351 -363 261 -470
313
312
42 -438 186 385 -46 12 472 -133 -76 -430 -337 45 -395 -337 -125 403 61 -146 322 104 -373 301 491 280 169 -474 494 34 -140 -55 -50 60 -468 354 343 -136 164 424 24 -492 -455 -123
311
310
309
-208 274 -381 369 468 -277 93 -272 234 -232 50 -410 203 -489 180 79 -104 219 -359 466 450 -16 -285 41 -15 -213 -73 228 432 -498 -300 222 -232 419 389 123 -352 76 368 80 -358 18 -177 231 -302 494 48 71 195 69 236 -299 369 -54 400 -62 77 441 -196 80 120 37 221 -466 189 136 -337 -292 373 320 -429 -81 29 -20 454 163 -407 -36 -78 -351 -9 356 370 -67 293 310 -122 -454 403 269 474 136 -142
308
39 -213 -369 -19 -191 -380 410 88 207 238 304 342 18 -285 -248 480 50 -35 303 -180 289 275 -399 -104 -400 298 -473 194 -435 70 -414 -302 -421 -319 116 -404 401 355 -473 -450 -126 -447 -304 439 9 -407 379 -495 -345 -20
307
-75 266 195 418 224 -164 -268
306
-135 460 -348 331 436 -487 -58 -181 491 398 134 169 7 169 230 226 358 -34
305
477 -213 404 -403 -111 -18 201 215 465 485 -397 -198 462 -47 381 462 -14 419 -420 468 -98 236 244 -325 122 -271 -238 361 -290 -192 221 47 -221 -87 -467 -455 -151 307 25 -72 -311 106 139 283 -302 -387 -327 442 465 -118 -439 435 -61 -233 -163 -116 222 95 439 138 -417 119 -260 78 -204 -38 -331 -359 245 -305 23 30 86 81 -373 -198 230 -287 -203 -80 7 -260 184 -253 483 269 -30 -108 -242 -75 -416 154 -125 59 -296 -300 -340 270
304
303
302
301
300
-465 386 75 261 -473 -349 -470 -163 -258 124 -266 -54 135 487 -36 -178 354 256 239 -301 -242 -423 -85 221 -124 236 -87 70 276 250 -14 -190 -5 -250 106 -248 363 -468 -357 116 -43 488 243 -334 -241 451 260 424 -14 110 -329 457 -111 363
299
212 -110 185 -145 -291 36 -19 -443 390 -411 171 -365 31 31 475 -485 -135 -38 -286 199 -330 442 192
298
297
-341 -140 -490 -172 452 -54 85 150 -184 -120 -13 302 192 -379 172 400 427 147 345 -209 220 157 424 447 377 -10 -85 -193 -51 420 -365
296
-322 461 -186 -62 62 -105 449 287 485 430 -117 -491 -13 -139
295
294
293
18 449 -29 40 177 -63 256 -83 302 287 -381 440 248 23 -64 207 379 272 -270 -270 51 -430 -414 -43 -434 232 -41 498 -370 465 250 -328 143 -375 -214 -197 212 -214 11 85 362 -149 29 189 -30 -101 242 -13 -434 59 6 492 -447 100 172 -202 -106 46 -344 299 138 -255 469 -264 -108 -473 -343 -116 -38 17 -500 235 250 -431 104 153 375 216 16 194 109 11 -202 -320 -266 -454 36 -366 276 186 202 283 -1 -216 -88 -15
292
284 -208 -412 260 -345 -83 -392 414 -109 -250 210 327 -481 205 168 -140 -201 199 -274 -310 -267 363 430 119 276 -170 -313 -458 280 115 -332 270 417 -331 -423 -386 387 -13 317 -205 400 -229 -435 485 108 438 -422 133 -299 -229 326 -29 341 -61 -142 -37 320 461 -205 -239
291
290
289
288
299 -393 -396 -462 328 -388 -459 111 276 263 264 -89 465 359 232 -400 111 382 -345 -408 -455 -2 -224 324 -449 -387 -283 -343 -406 379 -45 348 -314 45 -253 -26 -166 424 210 -25 -345 54 -414 153 -402 -365 -227 68 40 456 -221 -351 -312 -124 -372 399 136 -329 -369 -209 -36 491 -91 221 -382 -160 369 249 -223 -150 452 367 26 -246 -172 -355 -335
287
-436 21 316 -80 -432 198 140 -53 109 -429 -367 244 -254 -405 -182 -334 270 194 278 -489 82 252 -263 65 -358 -382 452 157 197 303 -470 -62 322 60 -287 270 -127 156 12 -252 -234 257 -447 143 414 11 280 105 43 382 226 34 121 -388 484 245
286
285
-8 -398 117 -231 -205 -362 -424 446 -32 176 211 275 -102 219 -250 276 272 -484 152 -382 -257 -454 -449 496 -493 491 117 199 468 129 -368 133 -202 214 334 129 78 184 -110 -342 128 -183 385 490 350 -326 353 -179 119 343 17 -180 371 -325 318 337 234 -113 139 -440 -299 38 168 -167 448 -173 -394 202 133 -336 289 114
284
171 -214 229 332 -164 -82 -254 478 -59 -275 443 -497 430 326 -296 -102 -369 -135 -376 -278 75 -325 379 67 14 32 9 -157 141 62 -188 -39 -64 213 137 243 -398 301 205 -106 -403 310 132 -339 -85 -46 235 453 -241 -203 162 474 -42 176 -480 -196 142 -204 -484 -291 -466 -367 309 281 -155 44 -234 -58 -111 247 -314 118 -491 -278 220 473 -450 438 -411 164 -399 6 -433 -172 -283 -105 -292 -427 397 -424 214 1 -447 316 13 61
283
282
281
-336 312 168 475 314 -450 146 433 264 -124 174 -359 -278 205 -492 -115 195 54 121 257 315 419 -100 -434 -93 41 -208 204 -426 326 266 -308 195 338 114 38 116 481 -428 -176 -75 -346 197 -9 -228 206 175 220 316 -289 -477 405 138 135 397 -165 -83 -412 -321 -494 -396 -5 311
280
279
311 -237 -99 -59 -297 -110 361 -379 -164 -121 362 247 269 312 320 380 211 -446 -4 333 -376 81 30 -389 361 469 -426 -166 -220 35 -399 -83 -208 -282 5 -111 156
278
277
276
-162 426 -346 435 -456 176 -481 414 326 -500 316 -399 -412 455 -167 -139 -366 360 359 -156 259 113 402 -457 -2 -411 -239 334 -191 -106 199 56 -214 -395 230 112 365 468 483 -262 478 189 489 68 396 304 143 195 -317 -372 -473 255 295 140 246 344 -288 -63 370 -24 224 -24 76 410 103 47 -4 -365 68 287 475 -149 -19 -237 -223 424
275
274
273
375 -168 -316 248 -277
272
271
471 316 379 -303 -170 -73 334 136 146 -216 -323 -120 -268 494 97 428 391 2 397 -450 -406 274 -382 -310 -152 458 444 -95 -448 -213 -479 -285 41 388 -132 -12 -357 487 -234 -173 -98
270
269
268
-394 248 -366 -235 391 154 99 308
267
266
265
264
263
262
261
88 -493 -302 -96 -339 -462 246 77 385 -156 170 -270 -62 -245 -384 -93 398 345 437 -238 -246 399 307 -313 -336 482 -297 -320 -245 362 35 33 -249 -498 -279 -199 -499 296 -54 480 -440 -469 -459 14 442 247 487 -247 5 -249 -465 -156 -27 128 438 389 -221 47 494 -354 -200 100
260
259
258
312 -256 -378 169 374 300 -492 -442 -343 -313 -319 -370 -357 190 -241 -339 291 38 -198 90 294 -152 -264 405 162 -177 435 205 -260 265 -226 -337 -361 145 -86 243 -376 -436 -377 -165 -323 -461 -269 294 -6 339 405 -390 232 1 -265 -376 -207 157 -219 -283 -54 -372 -281 417 198 -234 293 39 -92 -89 -53 -86 244 104 123 -445 -124 -103 -146 168 -453 81 417 438 83 155 230 111 -22 384 -338 -47 196 143 -409 -398 -52 -260 160
257
-439 467 19 279 -300
256
-453 310 232 -180 263 341 144 -424 -394 393 222
255
145 -232 -165 -435 74 -310 248 243 273 73 10 348 -216 145 218 42 -57 4 -48 -10 246 6 -353 -368 -71 463 60 -77 -487 -391 -373 -393 209 -141 16 312 -176 -444 253 24 -417 162 -199 435 419 -209 58 27 -377 -337 137 -113 194 -63 -98 -78 366 70 -183 -122 24 464 1 -359 46 208 -367 -20 341 430 88 -230 160 -334 -449 -463 -240
254
-88 -78 126 -419 -405 -420 51 -68 408 190 130 -353 456 -327 66 -371 283 191 244 -371 327 339 -453 404 -324 -487 24 289 -421 97 -405 411 223 -373 -29 266 481 207 -184 73 -17 422 471 82 261
253
252
-186 211 222 -484 227 -272 409 -14 -18 -53 -278 495 370 491 -64 297 191 -16 475 371 483 473 190 -431 10 300 38 13 214 452 0 -107 -396 448 -440 -363 47 172 -314 306 379 367 246 253 -454 50 -37 -397 -259 280 -294 -325 -93 -92 362 27 -228
251
250
249
248
247
246
13 90 131 -196 -180 -218 91 -449 486 -129 -44 -92 74 492 -462 -494 -83 -314 124 -47 -377 446 30 -444 110 325 -134 -260 -378 -231 -275 96 81 -38 215 -60 -390 -359 -295 20 -13 419 -243 246 -305 -55 -122 344 143 -192 287 10 206 103 -240 -67 -357 261
245
-271 325 300 139 191 124 254 -129 317 92 -312 -21 -154 25 25 -356 472 -63 -480 -418 299 305 369 -376 109 -41 259 50 -182 442 376 -355 233 497 381 240 -180 -279 457 -433 66 278 -12 -235 -461 -79 -429 342 132 -122 -38 166
244
-204 -225 -34 168 235 423 -291 129 -155 218 290 -40 -416 -225 -63 123 -410 349 -88 -181 221 -236 350 -209 -203 -114 424 474 19 444 34 349 216 -139 248 476 0 -42 -157 121 -17 468 -258 367 -401 440 349 -39 162 -5 420 -366 -252 -273 433 221 392 72 -183 138 -181 -54 -293 201 257 59 -168 -269 341 476 -70
243
242
241
240
239
238
-366 -400 -209 -112 293 -195 225 -44 -206 -100 166 -34 -207 155 445 -152 288 -269 -124 366 441 352 -379 -351 361 26 -209 -376 347 -364 -91 208 281 419 -462 -159 273 460 478 -415 97 -209 -65 479 434 -69 -298 -183 -88 16 -365 494 -2 -268 476 -394 383 251 487 -469 -302 460 -339 432 144 229 456 -310 -292 -199 285 292 -121 92 -482 -246 -356 -226 -279 -204 233 365 363 -143 85 365 -17 8 233 -97 143 -122 -261 -54 -188 -153 21 -293
237
-143 -183 -449 -466 450 -420 461 -475 480 213 236 -58 -460 369 -180 -47 -43 427 272 126 212 -461 187 205 58 -100 -377 70 -454 -400 411 191 454 -65 -281 214 -240 -64 -187 -240 347 -188 95 81 -145 -167 445 432 -99 297 440 -466 283 87 -224 -44 307 155
236
-76 -12 17 -478 -128 -116 -197 -131 464 -291 -81 474 414 399 -114 -475 -442 284 -251 176 -184 445 192 -440 429 -213 372 29 139
235
234
418 410 111 285 -243 -212 -306 406 -22 -208 163 -373 299 -500 194 -336 -251
233
-300 -319 401 -153 477 440 229 -68 -213 -371 -49 475 -110 -125 -253 -499 297 372 54 263 -68 -386 -118 -42 261 397 230 417 -131 31 -339 297 -384 -113 469 25 460 295 -182 -124 156 -124 387 382 -315 -278 -364 48 -376 335 31 490 -438 -458 -159 -248 463
232
-464 132 -380 146 428 342 231 -354 68 -379 -284 -390 361 255 264 22 -235 328 59 -467 100 -489 45 -90 479 297 -72 341 -27 -425 47 -493 -173 -407 326 -84 121 -251 307 124 165 455 -344 499 313 -273 -366 41 393 273 -200 -357 -59 384 -51 -119 -94 413 136
231
132 -377 209 219 -375 231 471 489 -244 -291 -269 -220 -328 68 -112 -318 -429 388 357 -413 -359 -41 -399 -406 -237 -284 -499 101 421 476 4
230
-479 -324 131 -33 405 -202 185 122 -330 -83 162 238 347 83 -63 -125 118 -148 184 197 -146 -179 -147 67 333 -216 382 -83 -40 -21 -25 -373 238 -299 168 -61 383 221 260 -315 327 337 489 -85 -409 -21 248 197 66 122 -68 -365 160 4 -352 281 356 -102 190 -51 118 -378 154 -224 -36 409 176 -155 -227 290 375 353 -170 -402 86 103 309 108 -335 9 -412 -339 -119 133 210 422 443 -367 74 -89 414 -88 -237 -82 -90 -269 137
229
228
-244 307 -396 -1 164 194 318 10 -21 203 -337 137 144 -444 -456 54 400 43
227
226
225
224
303 -190 -316 -193 211 -372 -438 153 -82 15 255 -488 239 -331 -364 165 278 -394 -327 -244 -71 468 -38 -262 -433 5
223
222
221
220
113 -41 -115 -332 156 -472 -493 -207 -387 458 336 44 30 -143 -283 -433 -360 64 -319 109 399 22 417 118 211 124 226 58 -386 -96 43 -19 371 -32 213 18 -72 -107 -291 -217 -72 414 -365 273 208 223 52 -481 -305 204 -399 -153 -248 -459 -480 -478
219
218
458 -191 -188 -399 -234 75 -209 -232 -246 -177 -128 -176 434 370 -28 98 146 26 -370
217
216
215
214
213
227 -388 435 355 -237 -65 410 410 -286 477 57 418 -438 29 255 230 211 -101 -165 122 -125 -294 -211 255 354 330 329 -256 -171 -220 76 -398 135 -346 -456 -177 112 -183 -1 -183 392 -61 306 -340 81 407 51 -293 -367 -497 243 -422 70 -91 156 -144 -79 -355 225 -448 -279 -436 145 211 -151 -4 130 -411 -200 276 -265 146 -273 233 -33 -289 214 488 -477 -212 -94 492 -283 -251 273 -386 -479
212
211
210
209
373 -205 291 -199 214 225 -113 -361 97 475 -127 349 -494 -241 3 63 409 259 439 -265 358 61 -475 -193 -264 -241 385 -246 183 497 -176 -362 -394 449 -487 435 -309 20 -360 -132 -216 -21 232 -314 -363 20 -471 41 -70 133 -447 -241 0 -376 393 -333 -201 51 -498 380 408 183 -310 207 416 56 -400 -409 278 -324 405 -485 -143 148 -112 340 236 236 355 -14 -140 435 -472 382 0 -136 130 311
208
207
206
205
204
203
202
60 352 360 -210 365 -243 -137 -317 -324 232 482 433 154 -80 -381 -109 473 265 311 -234 -452 -250 -498 -108 -445 -224 -42 -115 74 291 131 -437 406 -190 -141 -495 219 -74 -472 -332 -332 186 -384 -50 141 467
201
200
469 165 -203 -421 167 417 75 205 278 -2 -367 -331 406 -214 79 -84 188 459 399 294 -176 282 -144 -400 -71 -57 -405 -269 -22 -499 -40 -270 33 386 -118 493 421 -492 110 -351 286 -446 47 -284 452 -479 157 -217 326 298 -307 -300 -453 79
199
198
-346 -433 86 77 -222 383 -411 -162 -200 314 60 292 -74 281 224 447 171 -290 169 360 -134 209 54 -382 48 -356 482 -402
197
196
54 -254 -310 -124 7 -345 382 -336 -423 -88 -314 293 242 374 270 115 426 26 148 -107 470 -307 -493 -355 201 -251 -378 129 244 -174 -106 281 -47 59 49 100 -322 212 161 -304 -133 395 -427 -240 422 -222 -81 292 346 -60 -431 486 284 -40 -208 272 73 -15 -89 6 376 -421 -329 -392 276 -281 -127 -371 -296 285 -302 -133 -84 -360 -453 -392 -267 98 -179 418 -467
195
205 -433 364 24 -81 -106 -168 284 134 -422 -189 74 -59 68 388 -447 -316 194 9 -39 227 49 347 -60 -162 54 -74 409 -451 -444 165 496 453 370 474 -346 -56 478 141 280 -105 492 248 366 367 -488 7 -9 -353 361 -491 -483 100 -389 393 43 370 -326 -129 -47 98 -459 -169 22 -427 287 -423 -281 360 -72 -83 -230 -249 98 376 -394 -148 -476 264 -24 -380 -218 -82 281 -117 294 223 86 -34 206 493 -393 299 -201 -266 -25 -491 1
194
193
389 498 79 -116 -241 -282 -109 -474 408 -226 -281 -20 -327 -399 -348 -199 -368 -439 -482 -39 -200 413 393 124 277 -426 -400 -445 206 61 -184 -447 -211 292 -287 452 267 125 -172 467 392 -274 -94 -125 446 -99 186 460 259 -290 -41 243 299 351 -431 90 492 -242 361 483 311 136 -374 402 -17 53 141 -316 -401 -286 -128 114 -177 -28 193 147 -272 57 -42 -157 -343 -349 -256 -232 -234 42
192
191
190
189
186 416 211 -110 115 146 -51 490 -315 304 -44 -317 127 156 -174 394 -31 -404 -172 -7 -285 -187 415 442 8 -86 318 -461 76 -81 -38 -251 -114 217 -231 82 146 -477 441 60 -395 -472 -451 440 311 148 296 168 -153 -268 174 315 -86 -276 -304 230 -135 -245 370 -396 490 -109 -268 75 331 -382 -374 -65 488 -47 -470 -263 377 -369 -36 -122 345 476 -145 463 -147 -207 -321 -184 -82 -366 -147 60 -366 -200 -308 -369 4 -442
188
-284 298 241 -283 -301 -293 97 -64 289 110 348 396 433 318 -391 283 -326 -470 -421 375 77 433 452 338 129 -326 465 126 -494 -440 446 -410 -32 245 -308 147 -262 376 -352 28 477 461 51 -34 443 211 175 -26 469 476 293 338 -30
187
150 -12 240 -261 69 498 -287 -365 -375 -393 -1 437 115 176 -266
186
185
129 159 -72 323 -55 80 -489 494 -408 -341 -260 -268 163 238 -342 368 307 -30 451 -68 -118 -437 -67 -415 -266 -472 -208 288 -379 -469 -332 340 -324 118 -140 -403 -172 -307 220 -180 34 -70 161 302 -303 326 -429 458 -289 -321 -263 -43 -441 -353 -439 -271 349
184
183
405 271 471 298 470 -414 393 320 431 -368 -139 -135 -131 -304 -304 -64 -61 319 -430 -475 87 353 49 -135 270 424 474 -393 -478 -462 -312 -348 -327 494 147 -476 369 -299 348 176 443 -301 231 214 -352 -201 -30 163 -383 -419 -456 -139 3 -185
182
-98 -28 -101 490 260 453 -264 -69 -79 -418 187 -224 -63 -89 -244 -455 444 294 -362 318 374 -16 203 -316 357 -133 -429 85 209 338 53 191 233 152 138 -429 95 -477 292 478 446 -487 -325 -161 312 -404 349 243 -295 -404 11 -389 -499 -109 443 137 146 329 -470 192 321 6 143 -2 -288 324 72 403 433 72 471 133 215 -271 -32 368 392
181
180
23 95 -400 -269 215 -279 -181 -262 -443 131 -419 -260 -374 -138 -472 -320 -428 -158 -202 443 499 400 -458 -497 -201
179
178
177
414 -50 -432 348 -12 272 -425 -60 78 229 263 -393 -463 -368 -394 2 -447 87 -69 190 436 452 117 -241 -469 -102 -248 465 -111 403 -498
176
213 275 74 -42 -495 -268 -488 -144 140 -111 138 -209 -39 -134 184 455 -133 108 -418 20 -269 359 -191 56 156 50 338 -483 437 -266 -290 -365
175
-30 -267 382 411 160 82 402 -112 288 -132 -18 -25 304 -413 189 423 -177 -159 324 -342 -114 410 -332 317 109 -434 58 -462 -466 -208 487 335 -105 -346 214 -333 106 144 -343 -388 32 95 249 395 -235 -325 366 287 39 104 -182 -135 -481 -74 -199 -374 -6 447 282 -149 242 435 -24 -32 225 402 -187 5 381 452 462 -202 -95 -383 86 -22 -140 447 -207 -368 -112 358
174
173
157 -185 -44 314 -383 -454 -369 266 -379 216 -219 73 -199 473 -417 -376 -265 256 96 23 13 -241 51 108 -18 -47 -49 -196 360 -237 204 126 223 499 -182 -201 354 46 154 358 -374 472 -481 -207 81 373 -166 50 -313 304 -264 -141 -453 -418 -396 -41 -430 331 346 56 -100 64 -105 220 -327 -37 343 -25 -232
172
171
200 163 188 132 -79 -180 470 229 187 41 318 -490 321 -135 -482 -262 -397 -187 -35 -105 -210 449 -456 342 93 277 -60 -354 22 121 -398 457 265 41 -283 91 -263 342 197 226 -229 -200 158 -83 100 320 -477 -366 -308 -446 269 -360 78 -51 365 177 -24 -377 236 -12 491 -338 -159 -480
170
-140 -102 -213 11 91 284 -259 356 -18 286 -148 397 -305 482 -18 -318 -161 141 338 299 238 431 -23 -400 351 -222 378 -406 235 374 -399 -22 405 -4 125 485 243 -234 -55 281 -457 -71 189 -124 133 -124 184 13 -112 277 -397 -133 50 191 94 175 -199 47 323 69 199 52 389 -300 -483 -455 9 499 72 493 -299 -386 407 151 -145 379 413 -313 -257 34 -421 -482 -304 247 -162 -458 -245 -102 334 -352 359 150 -449 448 -42 79 -206
169
168
167
166
200 -473 137 -249 -107 275 123 167 -341 203 326 34 361 -149 -156 316 -118 96 227 -33 -110 -495 -328 -313 -405 -20 -243 404 -432 -230 384 -166 -20 270 62 -204 256 217 37 -16 -85 -485
165
164
146 196 -171 -117 288 46 290 -34 -235 -273 -390 13 87 359 82 445 -286 192 -398 384 -61 88 320 -206 -432 -209 450 348 -312 285 200 -449 477 -326 -171 181 -12 205 -107 -171 142 212 -384 -336 -206 -277 -238 -123 294 54 -204 -435 -122 139 154 -300 98 440 404 -91 -53
163
162
161
160
-450 -484 -396 -14 88 308 137 -395 -102 337 107 40 306 -195 384 205 -104 -411 140 389 173 -4 -442 432 -47 232 231 289 479 -216 -70 -458 -9 -196 499 -324 -365 247 385 156 -284 -11 424 132 325 -29 -45 266 498 -131 62 -155 -434 95 1 -117 374 36 -416 -101 249 -121 5 461 253 327 195 101 169 -178 111 -427 380
159
123 18 -231 307 314 -81 265 -151 205 241 -23 -150 484 -408 -147 -335 170 -123 90 -398 -259 399 370 459 355 -97 461 -84 -386 -149 -96 367 463 -333 -491 -416 -395 -463 -489 -194 382 1 -500 -359 247 278 -377 232 396 -97 91 269 -92 -98 -172 -437 453 415 486 -330
158
157
-93 -423 323 477 96 80 375 196 359 -496 -153 112 -97 -164 466 271 -402 64 373 442 440 -221 -12 10 281 -450 -375 472 136 43 -23 104 421 495 247 -450 47 -467 -440 224 239 379 -429 -256 400 -398 162 284 470 159 411 415 75 -86 -223 265 -254 279 -254 381 314 -200 84 209
156
107 -191 -91 457 293 -374 -161 136 -397 -381 -294 398 453 237 15 -272 63 245 338 -118 197 -389 -161 -321 350 294 -170 223 -461 -88 97 -409 58 -188 438 -138 -415 346 440 43 54 -149 445 99 10 -317 423 -167 74 -412 187 -335 -247 -330 69 487 -318 -202 -271 -452 415 192 -278 248
155
154
153
-441 309 -372 -388 335 -81 -22 -310 -270 -114 432 -149 376 -496 -462 251 20 -141 -200 -143 122 349 -340 -33 490 -156 100 12 -368 400 -86 467 19 408 431 255
152
-420 356 26 420 114
151
150
149
148
147
100 -387 -23
146
457 90 487 185 314 -253 -346 493 -80 -297 -269 -291 -277 -446 489 105 92 -89 343 -78 74 -430 263 -90 395 266 -461 -430 180 244 227 -67 206 156 120 12 -187 -343 -354 -441 -301 -479 -478 445 66 -476 -470 446 -296 -404 303 289 73 -110 99 -364 -192 -159 292 46 361 330 79 47 466 475 -175 85 -39
145
144
143
-257 -162 259 405 -239 166 74 123 68 -62 -357 -100 102 350 -159 439 -203 50 243 245 403 369 -43 -175 -235 -35 403 470 -40 -369 229 -346 -270 -287 470 295 -267 281 411 -294 -176 482 439 462 -249 1 181 -417 202 -498 156 467 281 -282 368 -141 -98 29 -319 126 -55 -401 -350 -435 -315 409 212 -156 391 93 -215 -168 32 -309 458 184 157 79 -472 120 -258 -359 72 178 194 -111 -130
142
141
71 -28 340 29 363 242 -347 -362 187 -155 -449 139 -111 248 -314 -213 -78 352 -184 16 -351 -91 118 -455 -307 103 -83 -372 -437 -60 257 475 -350 -272 30 -355 77 -49 379 -322 -255 289 134 -473 -193 -418 421 333 -388 13 469 -500 -250 115 450 -237 29 -149 366 -359 158 430 -53 -231 270 -16 333 98 32 -64 11 138 397 -70 144 -92 -44 -241 -212 -488 81 367 404 -413 -278 -454
140
315 117 -223 416 -493 336 -114 357 494 -434 -110 132 -46 -325 -469 -213 -181 84 489 -261 -94 175 -389 281 -35 379 -208 -127 -399 2 146 -178 231 -453 -439 -384 347 -104 279 -418 449 -396 267 288 -426 290 197 273 179 -45 -266 48 -354 91 47 -232 -218 -288 283 108 52 -375
139
138
137
259 174 434 111 447 387 -187 -445 -393 207 152 -477 -34 -93 -74 418 -245 -385 435 59 -37 388 -486 262 -266 454 -348 -24 -86 23 -487 -8 -260 -315 -282 -20 440 459 -485 -399 259 -12 -270 296 26 76 86 162 -265 -315 -279 -101 -328 -184 -315 233
136
135
259 -346 -311 -482 361 -123 -255 101 -82 434 -279 -425 433 -46 -288 -60 -318 -119 -42 -346 267 -36 347 431 188 -376
134
133
132
131
130
129
128
127
46 364 -395 -294 -361 -95 49 385 454 -500 -353 -138 -367 326 342 -327 63 386 249 -164 -172
126
-431 430 68 246 124 287 452 -425 -156 273 -338 -407 -435 -311 129 252 -236 18 -218 -147 265 80 491 -393 493 -277 375 173 -69 404 -167 286 -56 420 362 -67 147
125
124
123
122
-414 498 -311 155 179 331 -291 -428 -139 -229 453 302 457 -360 180 375 -347 166 -457
121
120
-316 30 263 -241 476 368 411 -438 -454 491 -314 -142 -263 -423 -114 -37 52 375 -449 -475 -338 -312 -164 38 85 419 367 442 -77 456 396 -51 270 -39 297 419 266 206 22 415 308 -233
119
118
117
116
115
188 399 190 -203 -130 288 -363 -141 290 -469 333 -66 -140 -187 -137 -177 -53 -484 53 -181 -315 149 397 -347 -44 -28 -49 470 349 337 -358 211 -483 69 446 -84 -438 -310 261 259 -262 -438 -197 -203 -371 -396
114
113
303 -445 -259 232 -259 241 -187 435 472 338 96 370 -274 -185 -202 122 -420 -292 333 71 -438 175 1 -152 -65 -60 288 118 -481 -453
112
111
377 -337 -25 -70 209 -138 -395 -175 280 372 -256 -450 254 305 365 350 139 53 176 -200 -252 -297 -250 -498 -386 441 446 -424 380 -126 173 -134 -384 -8 -382 266 67 -413 -327 274 305 -253 224 -68 -233 -417 440 425 93 -130 -439 469 -343 -284 229 -455 -192 -452 25 245 21 -4 -87 169 421 66 -482 -79
110
-181 176 -193 495 259 407 -440 -180 -456 -372 340 175 338 105 185 424 -296 269 495 -71 -466 182 356 -488 104 -53 146 199 133 -203 100 471 37 234 322 345 147 -310 290 -220 -310 -175 229 333 -320 -271 434 -91 60 -440 -110 458 325 -284 -468 -31 390 189 134 -46 -390 405 -257 171 -158 30 233 36 183 -81 -49 -63
109
108
107
106
105
104
103
102
101
-116 342 247 451 311 270 -475 -85
100
99
-22 -147 -313 173 325 -44 359 294 -36 367 -14 56 417 -387 126 -23 -492 481 -261 486 -478 95 125 -70 374 343 12 -302 112 -64 112 79 -142 -432 177 -261 184 145 337 334 -177 -435 -476 72 -343 -36 328 371 283
98
97
96
95
-75 171 -77 130 243 -111 -127 -281 400 453 181 -129 -233 96 30 419 209 209 -367 -166 -309 -336 -11 336 308 296 116 -265 -14 -461 -497 117 -433 222 -53 -252 -448 339 499 25 -76 76 -324 201 392 322 247 -399 116 309 -300 351 -234 389 -281 487 383 137 394 88 252 277 -324 -238 18 -121 -327 134 -161 -389 -309 419 208 -337 -462
94
93
92
91
90
-301 -238 1 86 -190 387 156 -150 432 171 422 -218 -321 -313 494 -140 -224 -222 160 283
89
88
-230 481 -218 -114 245 125 265 -241 -348 92 -84 22 -423 288 125 16
87
-44 106 -441 -294 -49 246 -204 497 -452 472 37 -43 189 -455 -115 -163 441 -78 309 147 220 -133 -309 -314 -48 5 -106 481 112 300 -351 68 -257 -390 -423 48 -8 -115 -488 413 195 148 394 -99 131 -83 101 486 -172 319 -73 163 -150 -406 136 -195 -178 267 249 330
86
-434 -21 85 -455 392 177 -170 225 -40 397 -225 -183 401 196 301 -238 248 45 261 -315 -254 48 -321 497 -486 -167 347 -180 335 -411 464 -142 -315 -160 77 76 292 -195 -392 131 -487 481 -81 257 -206 253 -93 392 260 268 163 115 168 -219 -88 349 415 -430 354 317 -143 -127 -197 254 72 428 -196 197 209 -107 -38 -124 -143 -370 12 460 216 183 -426 158 -122 -271 -13 47 314 65 -491 296 264 -350 -404 164
85
84
83
82
81
80
79
78
77
76
25 377 -474 53 262 -261 96 -271 -95 -359 68 -395 -383 58 376 211 353 327 -114 312 -258 -48 -344 -74 -134 -346 -403 -289 278 -162 235 -300 474 -63 -16 -41 -455 -121 456 -273 269 -83 -431 -183 -317 154 -323 -230 -118 -142 -387 43 -211 335 -259 -130 -288 -374 -62 322 162 -297 -251 -128 -157
75
-47 163 375 77 114 391 447 -8 -467
74
73
72
71
70
69
289 334 -143 -180 -374 330 -443 183 -357 -354 164 365 -466 88 -450 -496 -209 -455 343 -96 17 341 -154 -468 263 -230 -240 84 -133 -423 -68 6 402 289 -412 -455 -412 241 69 221 -389 244 337 -211 -149 6 37 -354 -492 472 -122 -415 -140 -462 32 -441 -65 -478 223 -483 384 -179 -78 172 -72 182 -75 16 479 -287 499 -433 35 -408 -60 118 179 -187 377 252
68
67
66
65
64
-485 -180 39 10 -221 -360 -203 98 -49 278 258 120 -49 172 -9 257 -360 350 317 -4 226 -139 494 288 -279 125 -461 -277 357 -151 -443 458 142 444 -414 -67 433 194 292 125 -136 413 -297 -419 305 267 190 -377 428 414 176 165 88 -109 259 141 2 484 -370 66 -270 16 291
63
303 -408 -132 447 -99 -356 4 166 411 297 124 -301 -242 -469 163 -340 -105 111 -148 -299 -387 230 103 -128 -2 -404 344 -245 -176 -297 168 38 -354 -475 -194 66 -424 -57 217 -247 -65 55 -403 -141 64 -266 -410 -240 -280 -373 -30 20 385 -219 439 50 13 -427 -159 -360 498 -65 407 -29 406 -152 369 26 -299 -475 349 -317 -368 -302 77 -261 103 -65 -126 -269 -114 407 495 93
62
61
60
59
2 209 457 -176 -11 -140 -107 103 -480 -212 181 -392 6 130 102 -164 172 -275 -210 -468 -6 -121 -88 -226 -3 315 76 -373 311 -16 307 -324 64 279 -52 376 -409 -301 307 13 320 -149 -485 1 -262 451 -354 -374 346 -10 73 -72 237 -158
58
57
56
416 -124 254 365 -457 -115 -141 -478 285 -383 146 -175 411 -370 -365 -461 137 -460 151 -215 -299 59 -346 50 -452 400 162 201 -243 -496 275 30 133 258 280 -143 -233 66 -210 -410
55
54
31 -14 -111 337 433 -309 -79 118 158 -434 434 -417 -415 386 220 -4 183 -421 -195 -150 285 -458 -244 -371 16 -352 -276 -426 -443 370 218 65 -151 410 -89 -240 -470 -359 -12 -242 -476 95 -252 -401 26 -75 334 -314 -187 123 -43 -327 -305 472 -291 -234 392 -417 -241 -336 287 467 -491 -419 449 -361 -492 120 -64 -50 469 -185 -198 496 295 -432 -85 356 107 -461 63 -42 469 -93 -267 274
53
412 217 -300 -318 138 -430 -425 221 -364 -255 207 -476 -32 342 495 -389 463 -459 418 -159 -206 -364 -74 -306 43 173 321 -243 11 100 180
52
51
50
49
48
-237 -192 454 476 467 -66 237 -322 413 8 254 328 -37 428 131 -201 53 377 -169 -127 64 -381 126 339 194 -351 -258 -115 -169 -62 -181 129 -172 277 -96 455 61 476
47
46
-182 347 255 277 -102 414 103 272 -470 320 -497 109 -95 -131 160 477 435 -403 292 400 -37 -26 -369 457 -225 -41 -424 61 -474 -175 -350 359 -201 -31 162 25 366 462 -165 -9 357 94 376 307 -334 195 -159 -201 -135 -56 62 450 -398 -453 -387 293 160 -384 -202 304 -490
45
44
43
-246 205 -73 -467 -63 -46 468 493 420 421 -493 -108 283 199 -428 -374 465 -121 -294 -124 -149 44 200 139 -454 12 396 314 467 -29 2 -449 140 397
42
-278 -221 -175 291 -362 -8 483 237 -268 -191 -285 -272 444 -252 472 -52 -391 430 357 -484 302 -137 316 -243 255 178 -62 344 -83 454 -183 465 312 -85 357 4 458 -131 384 55 -269 -152 168 -323 -411 -208 346 -179 499 56 -374
41
-465 -8 389 -282 -421 46 -161 -109 309 -161 204 -432 -151 160 353 183 19 399 463 -461 463 420 490 352 -44 360 261 24 445 154 42 194 424 -234 -384 -80 -157 -470 -22 -399 -12 282 253 22 -123 -273 -458 258 139 1 388 180 144 107 270 -212 -151 -255 -455 246 450 -297 88 -52
40
307 6 -159 -202 474 5 -210 -204 -166 35 82 34 -253 -239 106 74 131 -433 -337 -133 -127 -250 423 -296 -5 262 -94 79 -461 271 165 487 392 -184 497 -239 -374 -461 136 -296 170 136 113 485 -180 -166 -179 -405 -83 445 33 -34 79 483 57 207 -420 -221 135 -107 51 69 -483 -298 -122 354 81 -288 348 -296 -74 306 -2 102 -388 -145 227 -327 -379 251 -457 57 441 -470 -73
39
38
37
121 269 56 -488 -293 -95 445 337 -347 -465 -204 -424 340 -293 48 282 -14 -188 -366 93 -82 218 -169 -320 -435 41 -331 -432 -96 289 -310 220 261 99 -206 348 -381 -250 -444 -55 -471 -311 -86 299 222 427 -177 206 -339 200 340 -435 248 -271 436 435 118 -297 -287 -274 137 131 -254 350 -302 466 425 181 473 -228 -240 302 466 -60 60 -60 -285 -452 48 -157 -3 -244 89 25 -220 -96 445 -69
36
-199 -83 304 449 333 -476 110 -389 -334 331 -466 -419 475 409 435 -466 121 256 -471 -199 105 17 -471 -24 -208 489 128 -7 357 -110 300 -50 27 -182 -424 261 445 -330 243 20 -73 -157 -58 88 -145 306 142 414 308 -486 402 91 -194 434 25 406 -354 -121 191 -279 -30 60 -198 -273 -428 58 81 -10 -116 259 -153 480 -454 479 -383 201 331 -480 433 -141 -433 -342 -67 397 -15 -449 149 237 -473 430 -316
35
-112 97 42 139 484 72 53 487 -352 -126 121 173 -356 481 -99 292 313 -34 -246 409 -95 304 -58 464 -26 -326 288 392 -370 451 143
34
33
-194 2 103 -437 -381 379 -244 202 -132 416 23 171 48 -183 391 -351 451 370 262 291 -179 -186 -78
32
31
-231 -332 229 -92 -343 -192 461 358 -377 -389 170 -182 -130 226 -456 304 391 455 409 -328 397 10 -229 -352 19 199 -416 455 -254 369 -227 -470 -72 -73 58 186 23 -274 -45 -10 434 435 223 206 -373 19 -494 8 94 -50 -489 -221 -445 356 383 -487 106 390 466 477 19 364 209 -12 353 -32 -186 277 -431 486 -30 -263 235 -484 -279 -234 -82 223 -222 214 -7 201 -29 244 447 474 -316 187 -333 -42 -411 -200 -190
30
29
28
27
26
-323 290 11 -322 -70 -196 -401 272 -288 202 -74 213 242 -324 211 383 141 152 -190 468 -98 486 64 -56 460 -10 115 -13 154 276 -293 337 277 -315 -278 156 -484 416 234
25
24
23
230 -486 344 -398 137 -360 -37 334 485 -365 106 419 170 402 435 -472 -328 -486 -303 437 -234 -184 306 371 -12 405 175 -354 111 130 456 125 -127 -1 -247 -496 -203 -273 -431 169 307 177 330 -1 31 -482 -369 27 392 -109 -222 161 346 92 189 -148 -261 -300 452 -92 -439 -273 190 294 22 -354 237 -284 -30 -245 -456 314 -98
22
208 126 143 -75 -161 -459 -434 -24 118 174 74 -394 -496 401 -219 -114 14 159 27 296 -105 -462 108 163 228 241 229 -139 308 272 161 -359 -261 -479 -261 72 -470
21
281 64 -43 486 136 -133 -432 -45 -10 -253 -406 -281 337 147 137 493 -401 -337 -42 297 -425 -440 242 462 -288 -493 312 -281 47 265 160 -51 194 34 -246 266 425 -142 -105 106 -350 150 214 -315 -308 -166 369 -168 -141 246 476 -294 213 36 473 -471 164 41 409 43 -84 -278 -280 339 -358 -345 -204 -186 124 -256 -493 38
20
19
-10 -457 447 485 -134 -356 468 169 -25 -362 -69 103 -115 -460 77 68 228 -43 355 -212 -163 350 -456 404 297 177 264 16 431 -459 197 295 125
18
17
-397 497 -223 -32 -63 -68 -167 46 234 -307 212 397 377 338 339 405 -377 79 -242 -448 113 158 -90 -415 -200 331 224 -443 -238 400 -111 277 180 45 -425 -159 -274 355 488 28 -75 -330 -215 150 86 59 -135 -287 -222 -381 336 -48 157 395 -464 -52 393 302 351 -433 392 93 27 115 414 -387 455 326 301 295 -88 69 415 -466 372 284 79 -32 128 46
16
113 -46 -217 -184 258 -416 272 477 -235 -230 -61 -324 -475 212 -495 -182 448 -347 -276 -163 -90 -430 -128 -412 -202 498 -368 -90 27 350 247 -122 -210 -225
15
-215 70 340 86 -329 -475 -173 -55 424 498 239 -70 449 -246 -89 -395 183 490 176 -115 339 -190 -26 48 -1 188 -61 480 132 -27 64 121 488 464 50 -332 -53 -81
14
-258 -244 -214 214 -417 231 264 -414 -9 312 457 -320 98 48 414 433 -311 408 206 -63
13
12
269 446 -126 -26 -445 -192 134 -267 471 401 347 -357 -455 -246 242 -98 -194 133 -11 -467 -405 -477 192 97 -492 337 -489 -189 213 49 209 390 -441 350 -462 459 -8 440 499 132 124 -379 110 -6 218 160 -290 -236 -95 94 28 354 -287 -335 -239 -390 314 225 -295 -391 -247 -429 196 416 347 -221 288 -39 154 -68 286 -389 -403 -57 -304 -196 -25 -333 -485 305 -236 -12 -148 -237 -122 292 -103 354
11
10
9
8
7
-288 135 39 -51 -289 373 133 496 -192 179 -213 -136 -189 472 46 -285 450 238 -126 180 -267 265 54 -267 11 -132 453 -72 385 -76 358 -149 408 368 -391 -234 492 -301 206 -239 -437 442 -425 280 102 -71 -466 -211 397 -104 -234 393 37 -220 -313 490 334 147 444 271 153 -263 475 -152 43 -139 -422 -266 -74 -214 -230 -293 137 32 175 -25 321 -71 -20 -189 257 25 460 -246 375 185 -409 -248 -274 351 -349 480 -140 -128 192 -427 287
6
-231 457
5
-14 -121 489 -167 357 -61 69 96 51 443 90 226 222 -228
4
-456 -66 -337 166 27 -278 243 -100 -81 37 -396 150 174 92 -110 496 -308 120 369 340 393 -9 368 -447 -305 -190 75 -403 244 -112 -6 -286 221 -168 440 7 -218 -104 -328 304 202 214 107 16 -115 114 -150 -433 429 261 -22 232 319 -34 337 -297 53 -332 214 -9 -360
3
-189 -443 -374 -351 -371 -189 130 -55 383 -160 152 -498 297 217 358 -133 363 277 271 306 133 294 59 382 425 -37 -382 -339 -150 390 294 -146 224 -91 -168 -485 184 -256 -434 444 -239 351 294 431 -436 252 361 442 -85 -412 157
2
89 281 -153 473 -350 -253 -256 288 495 -272 -259 -30 -157 -302 -425 310 -225 -223 -455 -44 -361 -298 42 -346 213 468 97 159 360 -488 -184 -443 -35 98 331 -50 -377 139 214 -271 392 125 107 -55 -434 9 -316 -59 442 152 479 455 250 -442 467 419 -67 158 -84 -180 -262 179 103 -336 -72 108 456
1
0
