83
86
93
91500
86
33500
49
49200
62
42100
90
2700
63
5900
40
92600
72
42600
11
73600
67
36800
82
42900
62
53000
67
12300
29
13500
22
80200
69
5800
93
16700
11
45600
29
4200
21
37300
84
91900
98
53700
15
32400
13
37000
91
52600
56
98000
62
87300
96
17000
5
28100
84
92500
36
32700
46
50500
13
72900
24
85700
82
89500
14
54500
34
36700
43
36400
87
75000
76
80800
88
17800
3
58400
54
65100
32
39900
76
6000
39
36800
26
1200
94
58600
95
53900
34
57000
67
37800
97
60100
17
90200
52
49200
1
75600
86
28000
65
44100
44
68900
40
61900
31
72900
97
11700
81
77100
9
67500
67
927
97
856
86
353
6
965
19
683
28
624
32
871
3
829
70
19
8
368
40
715
96
149
18
723
46
245
21
451
79
555
64
488
41
228
93
350
34
500
64
24
56
98700
91
74300
65
22700
36
85900
51
43200
28
43700
7
27500
21
47400
95
85800
37
2900
93
23500
28
81800
11
14300
29
92800
4
77600
63
44300
38
61300
40
60600
18
90400
88
12800
17
36900
96
91700
43
32400
83
47000
99
49000
25
77200
90
64400
39
50500
86
95400
82
66900
64
54200
7
19700
4
35500
11
34800
28
62200
43
29900
68
74600
22
34000
10
31100
1
60500
30
66100
5
87800
36
32000
26
44400
65
52200
16
70800
58
28200
37
92400
24
6200
36
60000
99
452
50
379
71
468
31
973
30
881
94
933
63
660
81
199
96
899
73
959
68
813
95
190
66
926
40
84
90
84
36
54200
45
10700
79
75600
87
41800
48
41200
59
17200
36
900
42
21000
6
58700
13
30100
21
37200
19
25500
21
59900
39
90400
40
81100
5
66700
27
22800
84
15000
20
65800
22
22400
96
26900
30
8100
92
8400
72
97200
25
85000
22
38500
40
29900
98
4200
98
71300
24
19000
9
59000
19
58100
32
33600
94
15500
79
400
73
76900
50
776
60
255
79
142
93
884
21
205
4
567
61
613
26
754
44
259
2
202
84
506
42
21
28
868
72
189
58
908
36
498
53
808
3
248
33
333
90
648
67
754
68
746
0
529
88
46
49
797
3
990
63
33
53
497
86
892
52
125
75
996
57
188
36
729
14
460
60
921
28
304
50
27
56
748
94
902
99
697
39
43
28
2
0
403
47
681
59
538
35
151
39
134
15
692
4
127
49
629
85
964
43
429
77
335
38
900
71
49
88
36700
95
29200
44
74300
90
82900
40
68200
69
54100
32
82600
42
26100
17
36000
61
23
9
81
25
190
67
996
34
677
26
690
57
524
68
614
58
205
86
312
46
100
94
726
52
916
29
578
90
946
70
647
80
51
93
631
27
857
86
312
55
214
90
512
79
412
69
610
74
189
41
355
33
620
88
987
66
338
84
770
17
856
60
606
37
849
59
205
18
217
83
945
58
873
37
873
83
289
78
607
14
757
29
471
59
100
38
618
88
25
33
74
81
157
58
493
99
270
39
417
63
569
94
622
47
173
62
431
90
682
91
292
15
57
57
521
91
574
51
947
21
231
40
537
54
30
81
32500
16
51600
31
200
96
13900
38
40400
18
58000
70
2100
12
86200
77
37900
36
68500
76
90400
7
48300
57
75900
99
74400
27
91100
36
95000
18
56000
63
10500
44
4900
5
71100
91
93400
55
37500
89
61400
93
76800
5
91800
22
88200
17
982
93
30
26
574
86
593
43
253
14
74
79
713
62
377
88
775
10
919
94
732
46
17
37
235
53
691
73
943
25
328
10
291
17
18
63
836
90
55
30
858
71
904
33
661
89
685
4
73
5
851
68
250
85
503
6
95
20
94900
26
96700
77
76300
81
59600
60
86500
55
36
70
18
32
34200
79
19600
70
32100
72
98400
34
42700
83
4000
98
7200
63
83000
50
34700
73
3000
59
71400
47
52200
82
92400
32
43500
54
20400
98
44300
40
48600
59
27800
62
26200
41
68300
23
84800
72
32400
54
12200
21
33500
65
45700
71
74700
69
77600
1
21800
53
70300
7
93300
28
95900
97
806
84
720
34
308
91
698
98
376
52
715
89
171
6
559
16
10
9
224
0
539
9
378
81
53
38
114
26
989
47
67
87
223
32
231
81
122
50
875
90
179
50
254
13
131
94
857
81
181
20
603
82
433
87
181
96
415
4
825
92
722
97
551
34
32
6
181
57
415
95
708
62
999
83
297
54
776
77
9
82
93200
66
2100
60
56300
11
68200
86
68500
30
28500
83
99000
76
31400
20
11600
25
89200
39
52800
90
52500
60
13600
43
61800
28
33700
21
58200
55
31000
25
88800
70
81500
53
43700
22
800
50
78300
97
65700
26
82700
71
26900
49
65100
28
91000
98
63900
10
88800
77
39300
76
89000
52
19900
87
93100
99
77700
66
65700
17
95200
35
64100
98
36800
95
18400
5
77600
28
26600
28
95400
93
30800
97
27800
72
555
45
774
25
0
83
997
27
412
21
382
34
693
34
439
59
421
57
985
61
354
72
762
16
541
50
852
82
662
17
399
73
154
6
15
64
851
63
790
72
491
37
37
28
859
80
871
56
987
41
590
52
970
11
665
17
69
83
361
12
351
6
300
67
638
64
89
4
15400
79
87500
12
14100
69
53800
70
63600
44
95600
49
76000
65
81400
26
31400
83
88600
69
3900
52
53500
93
62100
89
79000
31
10900
64
67300
48
73500
77
29500
33
31300
49
19800
55
35500
68
79300
60
15600
23
93300
71
28600
77
35800
45
14000
61
18100
23
99000
0
5000
75
95400
42
36400
59
62400
89
91900
69
84400
51
23800
83
97600
33
1900
4
34300
81
95600
66
475
67
11
92
912
2
729
31
868
74
2
18
207
83
216
87
377
73
472
62
957
33
125
96
797
41
418
26
153
80
474
85
393
5
948
29
30
98
559
62
160
19
424
41
280
10
902
80
26
40
78900
23
70800
57
93800
31
49300
20
71000
90
90500
91
61300
70
63800
67
42100
71
82900
43
18000
99
9500
88
2400
86
15400
32
56900
10
96900
30
37300
63
43300
79
58700
49
9400
51
49900
64
33900
30
74200
15
8600
15
34900
81
18600
34
1100
87
13300
87
72200
43
77300
42
51900
44
35400
39
12400
63
25900
53
41800
69
71200
4
70500
99
73300
19
73400
35
31500
53
8700
50
66900
2
48700
62
83700
10
8900
60
20500
11
70400
29
55700
16
40300
21
89200
5
52200
79
44300
28
36100
47
37800
45
70000
87
88200
51
89900
86
58900
26
35300
94
94800
6
3600
92
10700
64
41700
20
921
66
480
54
994
37
123
84
933
12
317
17
931
65
709
8
156
45
69
22
995
95
171
59
569
76
801
71
652
25
340
72
743
91
89
78
56600
50
81200
24
19600
13
33300
99
18600
94
37000
15
56800
42
14100
37
63900
98
26300
39
59000
13
20200
28
63100
4
25700
46
57100
38
68300
95
22500
21
54000
26
97200
58
63400
56
72500
45
95200
46
47200
11
33900
3
88300
25
66100
16
54200
74
33900
96
34400
67
33000
13
29400
19
75700
50
86000
32
29200
79
87600
53
99000
95
63500
7
59800
37
74100
76
570
84
540
83
801
92
800
96
609
39
440
35
763
73
304
64
606
51
523
51
349
39
530
65
704
2
986
79
625
47
591
84
407
61
131
31
919
28
53
94
427
43
819
23
581
87
768
43
639
88
438
20
394
98
680
18
486
63
752
95
98
5
10
42
179
98
66
72
425
53
978
97
966
47
748
16
272
12
86
77
159
53
900
32
197
35
3
7
951
49
498
61
154
34
906
25
3
28
784
63
797
15
633
60
81
97
18500
97
10000
29
40800
13
34900
34
87900
14
31600
75
58500
86
76500
26
93000
16
89200
69
62900
9
75200
15
36600
33
39500
76
42800
13
84700
0
2600
86
6200
63
62900
8
10000
16
39700
82
77500
40
54400
26
32000
65
51800
99
79400
46
13400
53
90800
3
6200
42
68600
34
43200
10
80700
69
83400
15
59600
96
98400
82
32400
51
46500
61
71600
37
34300
61
18700
81
60200
88
36000
20
87900
93
94100
28
92400
8
13500
42
16200
96
87000
66
16300
0
81100
87
51500
32
23400
50
29000
33
69300
80
339
93
494
54
213
44
382
23
475
51
738
51
73
68
46500
13
68100
99
68300
35
97700
64
1400
46
76900
72
10700
40
39100
23
41100
57
58700
93
83600
81
43900
14
62000
71
37100
96
41800
83
53400
67
76400
0
69700
74
6700
33
33500
57
49000
49
13200
23
52900
92
69000
29
14700
35
34900
40
42200
43
96800
39
25500
25
76600
53
93600
52
26000
57
22000
87
20400
40
98300
26
72100
5
99700
78
12700
69
72800
27
17000
20
79800
21
56300
83
66000
67
61600
82
22300
11
29200
53
3500
8
56300
68
86200
98
89500
68
660
76
9
87
50300
73
25400
81
5700
29
82300
44
39600
80
94200
9
1200
47
85500
66
85400
59
13400
42
28100
1
97300
71
63800
58
41300
22
89900
55
48400
90
66100
71
78000
3
92300
20
0
42
0
12
95200
7
50400
58
75900
94
52500
58
11700
90
63600
26
56000
73
61400
65
93700
21
74800
9
62000
0
86300
86
83200
33
400
56
45800
10
12700
31
36800
28
56900
46
34100
58
37400
10
60500
65
90100
67
98900
26
49000
38
73200
5
69900
62
0
32
45700
61
348
7
17
97
169
38
569
39
128
70
18
92
585
42
280
33
754
43
707
50
400
85
21
20
788
40
190
47
634
83
325
94
461
30
142
63
191
20
520
38
554
92
142
22
930
85
34
94
308
8
780
2
644
45
84
25
8700
35
15700
92
60200
96
54800
30
98600
49
84000
12
5100
89
956
48
654
28
872
57
482
76
88
97
337
39
220
5
694
82
14
23
282
36
869
17
15
53
884
24
299
50
754
10
236
42
292
64
158
41
23
11
721
10
569
90
260
55
902
16
147
81
89
58
439
6
17
1
375
74
511
65
978
66
377
69
976
34
161
36
833
6
127
97
999
60
316
70
839
67
86
67
800
66
27700
35
13600
37
69300
19
94600
12
36700
34
9600
17
54000
74
9500
31
95000
8
80200
51
63000
42
52500
47
69000
76
16100
69
93400
63
79500
31
13500
80
35100
97
32000
88
90000
96
86100
1
97400
69
114
16
428
82
52
82
625
2
433
23
277
90
949
35
151
46
960
47
799
2
229
49
628
28
799
13
589
63
876
90
766
94
984
36
759
84
776
9
71
0
238
39
684
35
490
50
775
26
781
62
250
78
428
79
264
53
758
34
944
11
769
5
977
36
257
34
142
65
472
10
595
32
265
7
249
76
467
1
558
60
302
82
963
27
38
96
14
33
58
69
55400
59
40700
95
92700
13
80100
18
96700
29
26000
92
33500
43
63100
7
71200
13
35300
13
66200
96
62800
56
55100
99
11000
69
64100
95
481
89
90
69
854
8
736
4
682
95
726
14
733
64
187
51
857
10
724
38
564
93
723
26
834
45
401
94
325
6
366
56
589
95
47
26
84
40
86000
55
88200
48
57300
90
69500
46
50500
67
36600
4
86300
8
79000
68
29000
35
16100
55
9300
51
60100
10
14400
91
65100
35
58800
48
44700
81
27500
0
95600
51
32900
34
842
60
949
64
901
43
664
55
572
33
811
56
542
40
96
58
13600
28
51000
97
84600
94
87500
56
92400
25
25000
53
88500
71
31900
80
55500
19
32400
67
89600
3
64400
29
53000
86
74600
94
37000
58
64500
8
85200
98
28600
13
80500
30
344
47
421
58
207
78
200
7
729
53
758
7
179
75
772
2
210
8
904
26
440
86
902
6
485
23
946
51
804
1
637
10
833
92
448
0
69
50
271
81
108
56
87
62
32800
83
95100
59
71800
45
42300
61
51400
72
18200
57
80700
11
12900
30
29400
57
74400
37
7800
78
12600
28
76000
41
18600
25
18400
65
88200
33
63900
58
84800
23
44400
10
5500
89
48500
44
28300
12
24600
93
55500
0
4200
20
95000
28
78900
49
55000
37
5600
41
4200
24
91400
54
45800
58
10900
54
26400
19
28100
18
21600
99
26000
6
76300
18
26300
5
39900
1
97000
11
77700
28
12900
86
1200
55
417
83
779
89
979
89
237
53
247
80
995
11
524
84
999
14
711
26
643
42
784
7
632
