83
86
777
915
793
335
386
492
649
421
362
27
690
59
763
926
540
426
172
736
211
368
567
429
782
530
862
123
67
135
929
802
22
58
69
167
393
456
11
42
229
373
421
919
784
537
198
324
315
370
413
526
91
980
956
873
862
170
996
281
305
925
84
327
336
505
846
729
313
857
124
895
582
545
814
367
434
364
43
750
87
808
276
178
788
40
54
64
78
11
37
50
80
27
47
16
60
7
71
3
72
21
71
34
45
12
53
5
68
53
57
45
72
69
71
43
58
26
42
38
66
38
57
21
34
14
66
40
57
24
33
45
63
24
28
39
80
5
81
25
55
17
62
17
53
4
75
13
30
35
55
12
14
13
51
36
82
68
77
10
56
27
40
51
58
55
68
11
67
36
63
42
45
53
59
16
60
29
54
8
9
4
25
18
21
58
79
17
64
52
77
74
82
34
53
19
53
25
64
6
6
20
48
51
77
27
70
54
82
20
65
11
24
10
33
6
45
11
66
66
71
60
65
14
65
35
38
36
64
23
43
46
73
11
44
42
43
15
32
44
52
0
55
11
79
8
42
19
20
8
25
2
5
70
77
19
29
