uhnPkpJvCk	9094769939	46	26	36	53	60
ivPMopTnBmaQVKLy	5472830626	16	27	34	6	39
Aiesmi	1352991690	88	8	78	23	99
oDApO	9944576210	44	81	29	78	75
GtmPBqA	7864298045	57	23	63	9	55
YVzMmiwxQY	8546203096	85	15	25	88	45
IPblxlZZNQUKVtjYLyyeWLt	0979606306	10	18	9	23	52
XkELRXlxgDkzKPWpj	4881420858	35	53	77	83	91
QYqWARQaLGROi	4366488366	71	57	61	14	0
iHKOhuriatwx	5095814336	86	18	72	44	36
mByxYJGGmP	0865455641	75	73	17	3	37
RyqLWfXOSSCHdjnCmu	6564291138	43	88	87	35	8
xRkpYmobrFnPUNjvFvHJNiM	6632475553	24	75	14	95	51
SrfaIGqlIHEwhIYcJ	4011020631	75	7	52	31	69
hzDoLPg	3927626549	79	63	81	48	1
LkUNxIaLYqCcJNNYqCqj	9838037027	46	80	85	58	63
YGSRGWEDxBbSvbBewE	6089543145	86	9	65	19	13
KEBOFJVApjR	6315499205	18	90	81	80	54
lNgnhkTR	5708637209	9	66	23	98	12
mmZXfEibNiFCEB	8958673417	18	61	76	42	31
xFNloKZOdYMiGe	3792659936	19	31	22	13	31
lvxptyHOKjkSfAWxIZxrSl	1725154655	36	45	62	70	82
