uhnPkpJvCk	9094769939	100	100	100	100	100
YyjOpivPMop	3378465076	100	100	100	100	100
MJswXCwEEK	7469168202	100	100	100	100	100
bfnEPhVkHmeqMBhSo	3230994457	100	100	100	100	100
wNqWjPEVAGtmPBqALSGWO	9804573395	100	100	100	100	100
YVzMmiwxQY	8546203096	100	100	100	100	100
tPivIIPblx	3311842593	100	100	100	100	100
LyyeWLtuBxjMyoDwyEobFiK	9261515725	100	100	100	100	100
zKPWpjqOgHmioatiVHLZVuQ	0048120589	100	100	100	100	100
iGPOIKqAF	6617140707	100	100	100	100	100
OhuriatwxJSRD	8143366824	100	100	100	100	100
fmByxYJGGmPKeyzoLPwGp	5373737049	100	100	100	100	100
fXOSSCHdjnCmu	6564291138	100	100	100	100	100
SVVGcxRk	5886177398	100	100	100	100	100
jvFvHJNi	4663247555	100	100	100	100	100
KloZhiSrfaIGqlIHEw	7882940110	100	100	100	100	100
GiHdxde	1925734970	100	100	100	100	100
fGPUqGLW	9931815948	100	100	100	100	100
xIaLYqCcJNNYqCqjtUBOWDfW	2760583300	100	100	100	100	100
RGWEDxBbS	9370466089	100	100	100	100	100
oTDCDAjPFT	6627237961	100	100	100	100	100
RilFnaZdSevMozGEZl	3819495570	100	100	100	100	100
