4.33333 1 11.6667
28.6667 1.66667 30.6667
10 28.6667 33
1.33333 12 22
13.6667 9 13.3333
7 6.66667 1.66667
32.6667 2.33333 3.33333
3.33333 14.6667 13.3333
15.6667 9 12.3333
18 20.3333 24
4.33333 3.33333 10
6.33333 9 32
18 31.3333 29.3333
9.66667 15 2.33333
32 7 32.6667
25.6667 15.3333 11.6667
2.66667 1 19.6667
31.3333 20.3333 2.33333
7.66667 29 5.66667
9.33333 11.6667 2.33333
13.3333 20.6667 9
3 17.6667 17
4.33333 17.6667 0.666667
24.6667 8.66667 14.3333
3.33333 26.6667 30.6667
9 3.33333 27
29.6667 3 26.3333
8 33.3333 0.333333
29 24.6667 27.6667
28 7 23.3333
20 15 18.3333
32 16 12.3333
14.3333 4 0.333333
15 27.3333 10
26.3333 25.3333 1
0.333333 24 16.3333
14 22.6667 32.3333
19.6667 32.6667 9.66667
19 8.33333 11
33.3333 26.3333 0.333333
18.3333 25.3333 19.3333
8 21.3333 3.33333
18.6667 28.6667 14.3333
12 27.3333 10.3333
7 19 13
17.3333 25 23.6667
3 2 31.6667
15.6667 14.3333 0.333333
1.33333 23.6667 26.6667
2.33333 28.6667 5.33333
8.66667 29.6667 15.3333
6.33333 13 15.3333
6 30.6667 1.33333
1.33333 1.33333 17.3333
30.6667 19.6667 11.6667
17.6667 5.33333 20
31.3333 33 11.3333
23 8.33333 28.3333
32.3333 16.6667 22.6667
0.333333 26.6667 22.6667
3.33333 22.3333 0.333333
2.33333 11.3333 23.6667
25.6667 3.66667 6.33333
3.33333 8 17.6667
4.33333 16.6667 14.3333
15.6667 0.666667 18.6667
14 5.33333 29.3333
7.66667 8.66667 26.3333
4.66667 0.333333 11.3333
23 1.33333 11.3333
15 9.66667 19.6667
27.3333 8.33333 4.33333
10.3333 9.66667 5.33333
29.6667 12 18
26 28 30.6667
16.3333 33 17
0.333333 28.3333 33
30.6667 14.3333 0.333333
8.66667 23 13.3333
15 32.3333 21.6667
24.6667 25.6667 29
8.33333 16.3333 13
1.33333 29 5.66667
24 19.3333 20.6667
5 0.333333 29.3333
7 32.6667 23
13.6667 13.3333 24.3333
18 13.6667 1.66667
6.66667 31.6667 1.33333
18.6667 27 13.3333
28.6667 9.66667 4
1.66667 18 4.66667
32.3333 29 6.33333
24.3333 15 12.3333
15.3333 32.3333 6.66667
16.3333 1.33333 27.6667
25.3333 20.3333 16.3333
28.3333 14 0.333333
29.6667 12.3333 15.3333
5 15.3333 22
