739884
608563
566089
282358
582854
109907
694911
283954
791287
580998
385752
617429
118155
691690
696349
710815
665662
90261
643361
397978
481609
134295
387723
296964
306381
810374
786043
800251
856306
845016
208725
216952
821564
874904
429835
956020
688804
792108
705520
623254
97856
976012
293133
849377
233125
855294
328895
668746
236376
380095
421331
713215
49616
548879
918867
682250
690243
192559
77438
19821
556882
604608
463130
922159
708582
197785
588262
133504
415728
192455
454057
378088
178909
781764
942634
453183
426236
343064
686362
219816
938798
972252
317131
266591
503930
198542
651980
33292
610992
244479
854064
381949
58914
777441
231514
169248
919116
828066
412454
423129
