736 11
69 30
86776472 24
95927684 32
475612 30
814434 29
4226269 28
4295357 3
71841 15
842793 7
83788948 5
7 11
211 23
92192 25
7137 3
58312116 25
1864 25
2 2
596548 3
324495194 6
214811146 13
3947683 7
946 30
599752185 2
35356 16
66 36
2 33
51 34
3757189 10
736781 35
92 10
6725836 20
858558619 33
878287291 6
75 19
9 16
613969798 7
31 35
72 5
917 3
86 9
554176926 17
776629524 34
9813 28
2 24
787182371 33
1916 25
98 29
866 29
4 30
44197 21
7374 5
744 36
2 20
884615148 2
648 7
9135 26
36181342 17
955924 3
8 14
9699 10
72755533 14
75855 23
552449 27
36453163 6
42648 35
31444357 32
841 17
578377 16
48131817 3
1277 20
811135 10
7 14
38 19
839 7
1 18
519 9
939817737 35
717 32
61382 9
7815 15
47687332 23
346717739 30
65725 5
11795 23
5211654 20
666444451 36
712 9
15655 4
8572 14
487 31
22 6
353523 8
28534423 9
155 18
599725287 28
75577878 26
5761453 2
254296239 23
567285762 25
585 5
5792 6
14854 36
9438 8
18 18
269 21
17686783 35
897149 6
989 7
4395 8
33555 24
9 5
7536675 9
966849262 15
2676 33
25 13
4565241 12
58 23
73634 20
88 20
137795 5
26784 6
173 18
349 10
8 19
55 22
736618 33
2913 35
7 33
381143 19
9 27
54171139 6
38 25
56962 7
2 34
243471421 11
1916 16
2825 8
7 36
1754 21
56522148 26
492882 31
7413176 14
656 12
4 10
57347 34
8324276 28
954 8
13586 10
83513 19
29579189 22
36439 15
2413 21
1837 10
8521776 18
7 16
61 14
363345 31
96589 20
48 24
76749 35
15932 35
95 5
66511 21
9 13
743 5
9118894 8
89927 5
3424 8
582131 6
1 30
37943 5
659611195 22
33584 27
5969592 33
362664623 6
825439 15
927745321 25
7 2
8 19
4587 25
6 12
75319 23
3562672 36
231819 7
577159931 10
8 21
754925 15
6422211 24
294222 24
36 18
26589855 10
1 27
7 15
42646235 29
5952814 35
5841575 8
5363979 34
73919199 10
566285872 13
272527912 25
77687748 27
125929 24
24 14
278 19
68738 22
512487312 23
946659857 24
432598 31
87 27
9 10
862 4
54227 36
147623411 20
1 18
79441 21
64 21
724983172 26
5623448 12
586211 23
267 20
93469471 15
144629 8
5829 29
4411 28
38214794 34
5558877 22
145 12
3495489 21
5432 32
9223531 28
367 3
7293 3
557913952 3
193154873 31
7355718 21
72639887 23
163 5
7 34
29 35
83 28
61464213 24
288 5
45562 35
732 35
2 20
4 32
616324 5
35894 32
31533884 29
498 6
5639943 16
89 10
77455923 27
261 15
8189 14
9 29
171 17
4 22
213164547 19
9 35
96 7
359859 15
426366322 17
34 18
71566312 6
73 30
21365874 21
3777 7
91154 15
63 34
2462982 26
3 3
38195754 16
48286 24
25 27
37 9
16114246 35
6 29
5 33
53 2
3423883 17
53944269 12
8936 22
9572755 29
24 32
4 33
439 35
766261439 14
3 29
1319 29
9 7
1 23
2576 3
212 18
5833 19
6 8
565 15
3 9
636645595 28
1 32
68 18
86 26
258592198 4
92 16
61756 25
24931 21
9459883 27
2855289 16
5 19
698 34
3412958 15
1 6
9321 20
214194 12
89541656 34
953339313 25
96557235 30
42 26
733 12
92526334 14
25998 27
595684 4
5167369 11
835324878 19
493836291 22
7814 16
1734 30
7378832 34
46111 36
763573 36
95 9
43189 32
96383 34
228 2
43753 16
5 20
376 34
16316191 35
76434 21
591885 23
96284 8
5253 3
583 4
56568589 33
378774 26
9473259 7
93724 2
88218 17
74 16
95823541 3
4547214 9
36 12
484 28
56488 11
42 8
79913335 9
25962 8
897 34
8145 5
69312 9
234 34
3334 13
42 14
273 5
4 30
648191 2
74874 2
984 16
118124194 16
8 26
966856183 17
62837915 33
89 31
632328859 9
33194413 35
34 30
579487 35
56259125 29
97 21
42693718 3
615734 29
865292727 29
8283 18
699 17
7245 17
82982692 21
282177 23
7165 35
89 21
75 20
4414296 13
889298 13
3231791 35
952 5
4 24
892478364 8
6 23
15 29
85124381 24
24813 15
839283 35
665377 27
82 8
75 5
3376 34
67236 13
9127478 13
893183 24
492565445 25
7254197 29
94939958 7
56 29
16 12
5914 28
386 17
1 18
99611852 12
7742 8
4 13
81 5
89 12
239759 6
447 16
7591255 21
869 17
333865 23
341445118 36
39926 4
665816 34
974 18
61673718 14
313 10
6 5
5657 3
7649184 28
4 31
67311785 3
2338327 7
4867 12
3 4
2217 4
28 33
1 21
89111161 34
284 24
497661 27
4825 30
741 7
33627 35
68797 2
31116 21
66286151 14
95812 19
5314 12
61 12
729644456 24
383324924 31
75832 33
4 21
975 24
393 8
54714 5
54598 29
2866323 36
15937 35
95414457 33
8962296 9
54439 26
89362 10
53893 20
9636127 12
73984439 9
63412719 14
5176 12
76867 3
45495528 23
311 28
538 26
368692141 25
8774926 29
1914 17
4425 16
9 19
349 18
52853984 6
88 34
994173968 29
126447564 24
261477281 8
2736117 21
7992658 36
8212559 24
44 34
66776 22
7251332 6
4216182 31
73962226 30
26711 19
84519654 21
9 34
993213 35
9324732 35
754515 35
793 17
655543 10
7442 17
2824467 36
4 9
7754 4
432935 17
726168 34
4646887 26
86 33
16472645 4
6 18
7 4
857216 25
536658511 2
2323 27
1 10
1371324 12
211238 31
9838471 15
7 36
8487488 2
334 35
783951 20
1632 3
43561653 29
1536584 29
823186 32
9262977 23
836436325 12
6 30
699738441 22
4153252 6
648 12
568279 7
1454154 12
54 12
786531 27
841 2
95273218 25
6 12
47 23
22736 13
5496 8
2 15
548236 26
964 35
1318 35
8688 12
528341612 16
1688518 16
67442 3
86 32
7124217 16
6721474 18
238363763 11
93 11
5693167 5
862668797 4
97234 27
2994814 29
13246935 21
79 35
558331 20
6459 21
32852 23
31 16
91692679 33
7 6
76641389 10
1 23
87 12
68631 28
5642 11
3218314 36
415766 6
15 35
4177468 11
732429 30
2126 4
625 18
687794472 8
28127525 15
16726424 29
915283 13
315 20
611 16
258621 32
2 31
91 8
328191123 2
222253246 10
7779 36
76831865 36
1 32
58363168 9
924 12
6791776 31
76 11
4474 29
1937 9
9274 6
264 28
6356 25
58828573 17
531 3
82361 4
82 9
6519366 18
51433941 9
445883774 12
81141 3
162653894 34
76 28
365845 31
524759 32
32756 18
361 36
838 29
351861 6
41823 31
3 13
482164863 36
1426531 30
5939352 18
587474 11
643595435 31
789 5
74247751 6
54172 20
933269455 32
24 8
33549271 22
668352 33
215257381 33
612594663 5
54122337 8
954261878 22
1479 16
155832368 29
168622 14
13612448 27
5182 35
33758852 12
94783788 15
1493855 36
922 23
7281796 11
86 23
13191458 4
1522213 33
93588 31
5537729 35
1 27
17112 2
613 5
55 30
5655 23
78 25
256433 18
93134841 23
764391114 14
332 27
93 10
41424986 33
452227893 7
667218718 9
8683 8
562161 33
72 33
41 13
62 11
322 13
839 4
25823 21
25 28
4562 15
839934 23
16 28
482131168 12
49 34
8258 17
76 24
7461698 8
3972 23
384364241 26
2112 17
646917 32
4626385 23
25 4
59 17
421229 31
51 19
239366683 8
75433552 3
948989335 4
53655333 31
313277 22
824278 10
241753 25
18872423 25
3 33
3 2
62385697 11
14689267 30
93736936 35
821387 21
28 21
756941 20
445877835 8
6355599 23
53 9
989932563 22
1 24
253 10
1617614 18
3 35
877355 9
9 6
558 9
16 2
97249 18
35 13
48159233 7
629721 35
685112 21
298123 27
9 4
641693195 30
3721 28
8556 17
166 14
2673491 26
87291799 26
842925429 33
2977579 24
141667 29
9 2
684614315 15
28952 11
717 17
51 26
7 32
52547 5
6 15
988417 11
3155333 28
821333 14
89534562 34
1 25
56317786 17
82 20
837264 10
963852 31
3612 28
23935 25
3468 36
755 13
84181986 8
474995177 14
941492 26
7557 17
44333 12
359 8
48 19
117 13
2649 23
7 12
916 22
56 11
3 27
51 24
7341371 20
14 14
926 14
697 5
43 5
2 10
962 12
41276997 25
77 20
9 29
7793351 16
974479594 23
128 31
92 36
54 6
83 35
6 28
6791377 2
32945 27
15 28
554132 22
27123 18
859272589 20
918 20
84713124 33
61561 9
22519 23
87158 24
3368 17
28 19
26294 20
35527167 6
82242493 28
78934442 19
171 13
1464 22
6 12
627428 25
735822525 23
58572473 7
35132 31
5374743 21
992655274 29
8823476 2
8219 20
492 17
7463 33
35112 2
51411 27
868 29
1652 17
14862757 32
843822 9
3473685 11
8657 6
1748576 13
2459 13
77 27
241133 32
644755632 32
64785 27
146784 8
57317334 17
874748 5
41258 24
893676 3
7171184 33
4398487 12
381 25
4448 30
5214 9
51 28
482298 33
988 30
777237 3
6855 34
76113 27
284 6
34 21
7751 12
371432 34
29 26
9873633 34
84359869 8
87523863 36
1 25
335 27
46693 35
3497993 7
58 29
6621836 17
23269 35
145142582 25
3399 34
3399 11
8463267 23
865131217 7
322871679 3
187773244 11
646 12
2 15
465 23
486 4
7878617 5
4393 19
1619 10
499 31
39522431 4
13887416 12
36922 30
7121267 17
8 16
8 27
76635 22
89 15
958971 14
95 17
2 9
97 3
75445516 23
35 13
85259 8
8456 3
33 23
647 5
9548 2
2367885 23
28589 27
797441 16
576375988 31
92583592 2
17427516 4
3753 25
3 7
899 34
83 23
531543621 29
45 13
675227 4
414339588 17
43 16
624825 5
325466162 32
52589295 33
61778991 29
62738 8
41 5
514969268 13
576262 36
99589212 17
8134 35
19358 10
665584 7
596 8
74 26
37616139 13
487123217 7
16654826 14
64 22
98 25
2636841 7
414814 10
6696 27
794759 17
625 10
3213668 34
8 29
51 30
2 11
4 2
93 34
9512 36
545943 27
16821 18
252926 6
296425732 27
539791138 26
567452 36
916822692 8
255 35
652649 15
873 26
55641569 22
2198777 16
2 28
39 19
21766926 31
6735436 12
214961774 11
8 12
729591 18
245342992 9
26374524 2
743972 22
187 13
9852481 5
84877929 9
46 29
198342866 3
8231 21
31981523 19
42362896 8
954221654 4
173151678 22
61 2
934 4
68121886 26
4842 9
46284359 18
893 13
8272394 3
3431913 4
36467699 15
343275 27
559879866 7
2 12
8 12
12 19
56 2
7482 36
2973953 21
8624473 5
5324 17
7241912 5
